1.000000000000000000e+03
1.000000000000000000e+03
1.000000000000000000e+03
1.000000000000000000e+03
1.000000000000000000e+03
1.000000000000000000e+03
1.000000000000000000e+03
1.000000000000000000e+03
1.000000000000000000e+03
1.000000000000000000e+03
1.000000000000000000e+03
2.300000000000000000e+02
1.000000000000000000e+03
2.460000000000000000e+02
3.310000000000000000e+02
2.440000000000000000e+02
1.620000000000000000e+02
1.990000000000000000e+02
4.940000000000000000e+02
1.000000000000000000e+03
3.600000000000000000e+02
2.500000000000000000e+02
9.200000000000000000e+01
9.100000000000000000e+01
8.600000000000000000e+01
9.100000000000000000e+01
9.300000000000000000e+01
9.100000000000000000e+01
8.900000000000000000e+01
9.300000000000000000e+01
9.600000000000000000e+01
9.100000000000000000e+01
9.000000000000000000e+01
9.000000000000000000e+01
8.200000000000000000e+01
1.040000000000000000e+02
8.100000000000000000e+01
9.600000000000000000e+01
8.400000000000000000e+01
7.800000000000000000e+01
1.160000000000000000e+02
1.000000000000000000e+03
1.030000000000000000e+02
9.200000000000000000e+01
8.900000000000000000e+01
9.100000000000000000e+01
7.400000000000000000e+01
9.000000000000000000e+01
8.500000000000000000e+01
8.200000000000000000e+01
8.100000000000000000e+01
7.400000000000000000e+01
8.100000000000000000e+01
7.200000000000000000e+01
7.500000000000000000e+01
8.400000000000000000e+01
8.800000000000000000e+01
8.400000000000000000e+01
9.700000000000000000e+01
8.800000000000000000e+01
8.600000000000000000e+01
9.600000000000000000e+01
8.700000000000000000e+01
8.500000000000000000e+01
8.800000000000000000e+01
9.100000000000000000e+01
7.400000000000000000e+01
8.700000000000000000e+01
7.100000000000000000e+01
7.300000000000000000e+01
7.500000000000000000e+01
7.300000000000000000e+01
8.300000000000000000e+01
7.200000000000000000e+01
7.500000000000000000e+01
8.700000000000000000e+01
7.700000000000000000e+01
1.020000000000000000e+02
9.800000000000000000e+01
9.700000000000000000e+01
9.800000000000000000e+01
1.020000000000000000e+02
9.400000000000000000e+01
9.700000000000000000e+01
1.010000000000000000e+02
1.020000000000000000e+02
9.700000000000000000e+01
9.800000000000000000e+01
9.800000000000000000e+01
9.600000000000000000e+01
9.900000000000000000e+01
9.000000000000000000e+01
1.030000000000000000e+02
1.170000000000000000e+02
9.900000000000000000e+01
9.500000000000000000e+01
1.010000000000000000e+02
9.300000000000000000e+01
9.200000000000000000e+01
8.500000000000000000e+01
8.900000000000000000e+01
9.000000000000000000e+01
8.600000000000000000e+01
8.700000000000000000e+01
8.600000000000000000e+01
8.700000000000000000e+01
8.800000000000000000e+01
9.200000000000000000e+01
8.600000000000000000e+01
9.200000000000000000e+01
7.600000000000000000e+01
7.600000000000000000e+01
7.900000000000000000e+01
7.600000000000000000e+01
7.600000000000000000e+01
7.900000000000000000e+01
7.700000000000000000e+01
7.800000000000000000e+01
8.000000000000000000e+01
7.700000000000000000e+01
7.800000000000000000e+01
