2.080000000000000000e+02
1.840000000000000000e+02
1.000000000000000000e+03
1.000000000000000000e+03
1.000000000000000000e+03
1.190000000000000000e+02
1.390000000000000000e+02
1.000000000000000000e+03
1.510000000000000000e+02
1.300000000000000000e+02
2.320000000000000000e+02
1.000000000000000000e+03
1.000000000000000000e+03
1.730000000000000000e+02
1.610000000000000000e+02
1.000000000000000000e+03
1.000000000000000000e+03
1.120000000000000000e+02
1.000000000000000000e+03
1.860000000000000000e+02
1.380000000000000000e+02
1.050000000000000000e+02
1.300000000000000000e+02
1.000000000000000000e+03
1.500000000000000000e+02
1.820000000000000000e+02
1.000000000000000000e+03
2.400000000000000000e+02
2.590000000000000000e+02
1.410000000000000000e+02
1.000000000000000000e+03
1.140000000000000000e+02
1.700000000000000000e+02
1.990000000000000000e+02
2.290000000000000000e+02
1.000000000000000000e+03
8.990000000000000000e+02
1.240000000000000000e+02
1.000000000000000000e+03
1.920000000000000000e+02
1.310000000000000000e+02
1.820000000000000000e+02
1.000000000000000000e+03
2.790000000000000000e+02
1.890000000000000000e+02
1.490000000000000000e+02
2.290000000000000000e+02
1.870000000000000000e+02
1.590000000000000000e+02
2.210000000000000000e+02
2.260000000000000000e+02
2.320000000000000000e+02
2.920000000000000000e+02
1.100000000000000000e+02
1.000000000000000000e+03
6.280000000000000000e+02
2.220000000000000000e+02
2.280000000000000000e+02
1.000000000000000000e+03
1.480000000000000000e+02
5.060000000000000000e+02
1.380000000000000000e+02
6.400000000000000000e+02
1.000000000000000000e+03
2.160000000000000000e+02
1.940000000000000000e+02
1.000000000000000000e+03
5.010000000000000000e+02
1.000000000000000000e+03
1.550000000000000000e+02
1.510000000000000000e+02
1.190000000000000000e+02
1.650000000000000000e+02
9.900000000000000000e+01
8.960000000000000000e+02
1.190000000000000000e+02
9.860000000000000000e+02
1.000000000000000000e+03
1.000000000000000000e+03
1.000000000000000000e+03
1.000000000000000000e+03
1.000000000000000000e+03
1.410000000000000000e+02
3.160000000000000000e+02
1.000000000000000000e+03
1.940000000000000000e+02
2.470000000000000000e+02
1.480000000000000000e+02
1.000000000000000000e+03
1.460000000000000000e+02
1.000000000000000000e+03
1.000000000000000000e+03
1.950000000000000000e+02
1.250000000000000000e+02
1.410000000000000000e+02
3.910000000000000000e+02
1.130000000000000000e+02
1.400000000000000000e+02
1.000000000000000000e+03
1.360000000000000000e+02
1.110000000000000000e+02
1.120000000000000000e+02
1.390000000000000000e+02
1.000000000000000000e+03
1.000000000000000000e+03
1.410000000000000000e+02
1.170000000000000000e+02
1.200000000000000000e+02
1.590000000000000000e+02
1.400000000000000000e+02
1.450000000000000000e+02
1.310000000000000000e+02
1.000000000000000000e+03
1.000000000000000000e+03
1.550000000000000000e+02
1.000000000000000000e+03
1.000000000000000000e+03
1.460000000000000000e+02
1.570000000000000000e+02
2.400000000000000000e+02
2.070000000000000000e+02
