1.660000000000000000e+02
2.000000000000000000e+03
2.580000000000000000e+02
1.480000000000000000e+02
1.230000000000000000e+02
2.000000000000000000e+03
2.580000000000000000e+02
1.920000000000000000e+02
2.000000000000000000e+03
2.420000000000000000e+02
1.940000000000000000e+02
1.650000000000000000e+02
2.360000000000000000e+02
1.640000000000000000e+02
1.580000000000000000e+02
1.690000000000000000e+02
2.000000000000000000e+03
1.820000000000000000e+02
2.780000000000000000e+02
2.000000000000000000e+03
2.900000000000000000e+02
1.420000000000000000e+02
1.310000000000000000e+02
2.000000000000000000e+03
3.270000000000000000e+02
1.360000000000000000e+02
2.760000000000000000e+02
2.110000000000000000e+02
1.560000000000000000e+02
1.950000000000000000e+02
1.240000000000000000e+02
1.890000000000000000e+02
2.000000000000000000e+03
2.000000000000000000e+03
2.000000000000000000e+03
1.300000000000000000e+02
2.200000000000000000e+02
1.390000000000000000e+02
2.490000000000000000e+02
2.000000000000000000e+03
2.220000000000000000e+02
2.000000000000000000e+03
3.470000000000000000e+02
2.100000000000000000e+02
1.940000000000000000e+02
2.000000000000000000e+03
2.000000000000000000e+03
2.050000000000000000e+02
1.860000000000000000e+02
7.290000000000000000e+02
1.630000000000000000e+02
2.000000000000000000e+03
2.000000000000000000e+03
1.370000000000000000e+02
2.000000000000000000e+03
1.540000000000000000e+02
2.120000000000000000e+02
1.740000000000000000e+02
2.000000000000000000e+03
1.300000000000000000e+02
2.140000000000000000e+02
1.170000000000000000e+02
2.000000000000000000e+03
2.040000000000000000e+02
1.300000000000000000e+02
2.960000000000000000e+02
1.830000000000000000e+02
2.750000000000000000e+02
2.230000000000000000e+02
2.000000000000000000e+03
1.620000000000000000e+02
2.000000000000000000e+03
1.980000000000000000e+02
1.290000000000000000e+02
1.630000000000000000e+02
1.560000000000000000e+02
1.830000000000000000e+02
2.000000000000000000e+03
1.200000000000000000e+02
1.920000000000000000e+02
2.000000000000000000e+03
6.770000000000000000e+02
2.000000000000000000e+03
2.000000000000000000e+03
1.610000000000000000e+02
1.750000000000000000e+02
1.720000000000000000e+02
2.000000000000000000e+03
2.000000000000000000e+03
2.500000000000000000e+02
1.890000000000000000e+02
2.300000000000000000e+02
1.370000000000000000e+02
2.000000000000000000e+03
2.000000000000000000e+03
2.000000000000000000e+03
4.050000000000000000e+02
2.000000000000000000e+03
2.580000000000000000e+02
1.650000000000000000e+02
2.000000000000000000e+03
2.000000000000000000e+03
1.460000000000000000e+02
2.000000000000000000e+03
1.770000000000000000e+02
2.030000000000000000e+02
1.520000000000000000e+02
2.000000000000000000e+03
1.940000000000000000e+02
2.000000000000000000e+03
2.160000000000000000e+02
