-2.699946078950315353e+01
-2.699946078950323169e+01
-2.699946078950326012e+01
-2.699946078950311801e+01
-2.699946078950328854e+01
-2.699946078950323525e+01
-2.699946078950323880e+01
-2.699946078950322814e+01
-2.699946078950323169e+01
-2.699946078950318551e+01
-2.699946078950314288e+01
-2.834943382897851194e+01
-2.834943382897829167e+01
-2.834943382897836273e+01
-2.834943382897840536e+01
-2.834943382897829878e+01
-2.834943382897841957e+01
-2.834943382897840536e+01
-2.834943382897820641e+01
-2.834943382897846220e+01
-2.834943382897831299e+01
-2.834943382897841246e+01
-2.969940686845352928e+01
-2.969940686845353284e+01
-2.969940686845354350e+01
-2.969940686845366429e+01
-2.969940686845346534e+01
-2.969940686845350797e+01
-2.969940686845340139e+01
-2.969940686845348665e+01
-2.969940686845359323e+01
-2.969940686845349376e+01
-2.969940686845378508e+01
-3.104937990792836189e+01
-3.104937990792861058e+01
-3.104937990792854308e+01
-3.104937990792866032e+01
-3.104937990792869584e+01
-3.104937990792848979e+01
-3.104937990792883085e+01
-3.104937990792854308e+01
-3.104937990792860347e+01
-3.104937990792873848e+01
-3.104937990792866742e+01
-3.239935294740368477e+01
-3.239935294740382687e+01
-3.239935294740369187e+01
-3.239935294740383398e+01
-3.239935294740369898e+01
-3.239935294740416794e+01
-3.239935294740385530e+01
-3.239935294740378424e+01
-3.239935294740378424e+01
-3.239935294740397609e+01
-3.239935294740378424e+01
-3.374932598687910001e+01
-3.374932598687909291e+01
-3.374932598687885843e+01
-3.374932598687907870e+01
-3.374932598687877316e+01
-3.374932598687870211e+01
-3.374932598687871632e+01
-3.374932598687892948e+01
-3.374932598687929897e+01
-3.374932598687893659e+01
-3.374932598687902896e+01
-3.509929902635424526e+01
-3.509929902635416710e+01
-3.509929902635393262e+01
-3.509929902635410315e+01
-3.509929902635411025e+01
-3.509929902635414578e+01
-3.509929902635406052e+01
-3.509929902635435894e+01
-3.509929902635422394e+01
-3.509929902635430210e+01
-3.509929902635425947e+01
-3.644927206582894996e+01
-3.644927206582941892e+01
-3.644927206582937629e+01
-3.644927206582933366e+01
-3.644927206582926971e+01
-3.644927206582920576e+01
-3.644927206582908497e+01
-3.644927206582930523e+01
-3.644927206582943313e+01
-3.644927206582939760e+01
-3.644927206582944734e+01
-3.779924510530449311e+01
-3.779924510530438653e+01
-3.779924510530418758e+01
-3.779924510530440074e+01
-3.779924510530445048e+01
-3.779924510530442916e+01
-3.779924510530445758e+01
-3.779924510530446469e+01
-3.779924510530449311e+01
-3.779924510530445048e+01
-3.779924510530470627e+01
-3.914921814477967388e+01
-3.914921814477958151e+01
-3.914921814477968098e+01
-3.914921814477989415e+01
-3.914921814477974493e+01
-3.914921814477957440e+01
-3.914921814477955309e+01
-3.914921814477953177e+01
-3.914921814477956019e+01
-3.914921814477992967e+01
-3.914921814477977335e+01
-4.049919118425493281e+01
-4.049919118425481201e+01
-4.049919118425466991e+01
-4.049919118425472675e+01
-4.049919118425486886e+01
-4.049919118425478359e+01
-4.049919118425496833e+01
-4.049919118425505360e+01
-4.049919118425482623e+01
-4.049919118425464148e+01
-4.049919118425508202e+01
