-1.967590289491896627e+01
-1.967590289491896627e+01
-1.967590289491896627e+01
-1.967590289491896627e+01
-1.967590289491896627e+01
-1.967590289491896627e+01
-1.967590289491896627e+01
-1.967590289491896627e+01
-1.967590289491896627e+01
-1.967590289491896627e+01
-1.967590289491896627e+01
-2.065969803966487817e+01
-2.065969803966487817e+01
-2.065969803966487817e+01
-2.065969803966487817e+01
-2.065969803966487817e+01
-2.065969803966487817e+01
-2.065969803966487817e+01
-2.065969803966487817e+01
-2.065969803966487817e+01
-2.065969803966487817e+01
-2.065969803966487817e+01
-2.164349318441072612e+01
-2.164349318441072612e+01
-2.164349318441072612e+01
-2.164349318441072612e+01
-2.164349318441072612e+01
-2.164349318441072612e+01
-2.164349318441072612e+01
-2.164349318441072612e+01
-2.164349318441072612e+01
-2.164349318441072612e+01
-2.164349318441072612e+01
-2.262728832915671617e+01
-2.262728832915671617e+01
-2.262728832915671617e+01
-2.262728832915671617e+01
-2.262728832915671617e+01
-2.262728832915671617e+01
-2.262728832915671617e+01
-2.262728832915671617e+01
-2.262728832915671617e+01
-2.262728832915671617e+01
-2.262728832915671617e+01
-2.361108347390255346e+01
-2.361108347390255346e+01
-2.361108347390255346e+01
-2.361108347390255346e+01
-2.361108347390255346e+01
-2.361108347390255346e+01
-2.361108347390255346e+01
-2.361108347390255346e+01
-2.361108347390255346e+01
-2.361108347390255346e+01
-2.361108347390255346e+01
-2.459487861864849734e+01
-2.459487861864849734e+01
-2.459487861864849734e+01
-2.459487861864849734e+01
-2.459487861864849734e+01
-2.459487861864849734e+01
-2.459487861864849734e+01
-2.459487861864849734e+01
-2.459487861864849734e+01
-2.459487861864849734e+01
-2.459487861864849734e+01
-2.557867376339447318e+01
-2.557867376339447318e+01
-2.557867376339447318e+01
-2.557867376339447318e+01
-2.557867376339447318e+01
-2.557867376339447318e+01
-2.557867376339447318e+01
-2.557867376339447318e+01
-2.557867376339447318e+01
-2.557867376339447318e+01
-2.557867376339447318e+01
-2.656246890814038508e+01
-2.656246890814038508e+01
-2.656246890814038508e+01
-2.656246890814038508e+01
-2.656246890814038508e+01
-2.656246890814038508e+01
-2.656246890814038508e+01
-2.656246890814038508e+01
-2.656246890814038508e+01
-2.656246890814038508e+01
-2.656246890814038508e+01
-2.754626405288650304e+01
-2.754626405288650304e+01
-2.754626405288650304e+01
-2.754626405288650304e+01
-2.754626405288650304e+01
-2.754626405288650304e+01
-2.754626405288650304e+01
-2.754626405288650304e+01
-2.754626405288650304e+01
-2.754626405288650304e+01
-2.754626405288650304e+01
-2.853005919763237586e+01
-2.853005919763237586e+01
-2.853005919763237586e+01
-2.853005919763237586e+01
-2.853005919763237586e+01
-2.853005919763237586e+01
-2.853005919763237586e+01
-2.853005919763237586e+01
-2.853005919763237586e+01
-2.853005919763237586e+01
-2.853005919763237586e+01
-2.951385434237831262e+01
-2.951385434237831262e+01
-2.951385434237831262e+01
-2.951385434237831262e+01
-2.951385434237831262e+01
-2.951385434237831262e+01
-2.951385434237831262e+01
-2.951385434237831262e+01
-2.951385434237831262e+01
-2.951385434237831262e+01
-2.951385434237831262e+01
