-3.185792390210297498e+01
-3.205792390210284282e+01
-3.225792390210305172e+01
-3.245792390210325351e+01
-3.265792390210337715e+01
-3.285792390210315261e+01
-3.305792390210309861e+01
-3.345290799849944818e+01
-3.385290799849972387e+01
-3.425290799849964429e+01
-3.465290799849984182e+01
-3.305082009720872804e+01
-3.325082009720833298e+01
-3.345082009720833582e+01
-3.365082009720835998e+01
-3.385082009720811413e+01
-3.405082009720840830e+01
-3.425082009720816245e+01
-3.445082009720822924e+01
-3.465082009720820366e+01
-3.498555339842452838e+01
-3.538555339842486092e+01
-3.424371629231349345e+01
-3.444371629231376630e+01
-3.464371629231345651e+01
-3.484371629231362988e+01
-3.504371629231353324e+01
-3.524371629231352898e+01
-3.544371629231361709e+01
-3.564371629231354888e+01
-3.584371629231335277e+01
-3.604371629231326324e+01
-3.624371629231325187e+01
-3.543661248741864256e+01
-3.563661248741858145e+01
-3.583661248741854166e+01
-3.603661248741850187e+01
-3.623661248741846919e+01
-3.643661248741882730e+01
-3.663661248741886567e+01
-3.683661248741843508e+01
-3.703661248741869372e+01
-3.723661248741846208e+01
-3.743661248741847203e+01
-3.662950868252371350e+01
-3.682950868252363108e+01
-3.702950868252386130e+01
-3.722950868252381440e+01
-3.742950868252388119e+01
-3.762950868252370640e+01
-3.782950868252383003e+01
-3.802950868252378314e+01
-3.822950868252369361e+01
-3.842950868252395225e+01
-3.862950868252367798e+01
-3.782240487762920367e+01
-3.802240487762927756e+01
-3.822240487762879724e+01
-3.842240487762884982e+01
-3.862240487762868923e+01
-3.882240487762907577e+01
-3.902240487762882992e+01
-3.922240487762896777e+01
-3.942240487762921930e+01
-3.962240487762895214e+01
-3.982240487762916814e+01
-3.901530107273404013e+01
-3.921530107273438404e+01
-3.941530107273393213e+01
-3.961530107273397761e+01
-3.981530107273410835e+01
-4.001530107273405434e+01
-4.021530107273390797e+01
-4.041530107273422345e+01
-4.061530107273426893e+01
-4.081530107273400887e+01
-4.101530107273376302e+01
-4.020819726783940951e+01
-4.040819726783932708e+01
-4.060819726783935835e+01
-4.080819726783926171e+01
-4.100819726783920061e+01
-4.120819726783900450e+01
-4.140819726783929156e+01
-4.160819726783923045e+01
-4.180819726783948909e+01
-4.200819726783961983e+01
-4.220819726783911108e+01
-4.140109346294430992e+01
-4.160109346294448329e+01
-4.180109346294418771e+01
-4.200109346294456714e+01
-4.220109346294476893e+01
-4.240109346294466519e+01
-4.260109346294415644e+01
-4.280109346294413086e+01
-4.300109346294446766e+01
-4.320109346294425023e+01
-4.340109346294432413e+01
-4.259398965804953718e+01
-4.279398965804946187e+01
-4.299398965804921602e+01
-4.319398965804935386e+01
-4.339398965804941355e+01
-4.359398965804960113e+01
-4.379398965804954713e+01
-4.399398965804999762e+01
-4.419398965804974466e+01
-4.439398965804961250e+01
-4.459398965804947323e+01
-4.378688585315505577e+01
-4.398688585315498045e+01
-4.418688585315452855e+01
-4.438688585315482271e+01
-4.458688585315455555e+01
-4.478688585315492077e+01
-4.498688585315457544e+01
-4.518688585315441486e+01
-4.538688585315462376e+01
-4.558688585315467634e+01
-4.578688585315457971e+01
