-2.930451675617045026e+01
-2.303357146165067704e+01
-2.330442393791326694e+01
-2.331430926837960271e+01
-2.626515756010320857e+01
-2.709884627113672195e+01
-2.925351035654598064e+01
-2.949275014735112421e+01
-3.019348727276762645e+01
-2.476782657513781061e+01
-2.337750557625040315e+01
-2.935740155845471833e+01
-2.298915020078564453e+01
-2.909345606879105972e+01
-3.063259712497358223e+01
-2.512549369078894301e+01
-2.370014758045851266e+01
-3.028609337632152076e+01
-2.982131180623435895e+01
-2.368248413393809315e+01
-2.359043484694753801e+01
-2.846079613122491736e+01
-3.278992631141873204e+01
-2.710886961173630283e+01
-3.019074109963290553e+01
-2.579323502314721850e+01
-2.405885191013679503e+01
-2.413637397754931868e+01
-2.700787256341706311e+01
-2.738104789212509260e+01
-2.825064217116416998e+01
-2.884741601158626523e+01
-3.383981550392700655e+01
-2.985549072239539825e+01
-3.291143565057681997e+01
-3.181199039002805407e+01
-2.410437825075440443e+01
-2.679821567256112758e+01
-3.129494214811555608e+01
-3.053195636482654507e+01
-2.503199797306998775e+01
-3.279328873273747291e+01
-3.187182029724937138e+01
-2.622287463334112090e+01
-2.941706810300741637e+01
-2.410733716664445225e+01
-2.899207145794446205e+01
-2.930088367164665186e+01
-3.009240692943481577e+01
-2.843403936189795900e+01
-3.477216870159196560e+01
-3.363862933062299021e+01
-2.710994162404416485e+01
-3.206936783585708639e+01
-3.516415814605954893e+01
-2.668827337952753709e+01
-2.922922840691796509e+01
-3.032301377694352595e+01
-2.976418670897607655e+01
-3.677321188828653931e+01
-2.599639363643890988e+01
-3.518032239385589577e+01
-3.726164668978680794e+01
-2.684871231327357322e+01
-3.084250035272706825e+01
-3.819875972298685696e+01
-3.093561358810898554e+01
-3.129691760109540866e+01
-3.573439113579063076e+01
-3.820260622859066046e+01
-3.210842876258060130e+01
-2.613651941684566538e+01
-2.519209679822548154e+01
-2.561428417926693157e+01
-3.109194700609966944e+01
-3.135719580232407111e+01
-3.866180670568812161e+01
-3.426420417694987464e+01
-3.787901326511495625e+01
-3.350327173131350378e+01
-3.941310238994308435e+01
-3.057658522455666628e+01
-3.030182737184521713e+01
-3.604975160554167246e+01
-3.361680594443255643e+01
-3.874004712177897858e+01
-3.733082384686083088e+01
-3.179434548230206303e+01
-2.815003625477969251e+01
-3.306350216905381956e+01
-4.018084221867270145e+01
-3.524231360524610324e+01
-3.452448030888112385e+01
-3.594442083951899036e+01
-3.469270517533615816e+01
-3.141143367613918258e+01
-3.422514637765161893e+01
-3.730929694726257395e+01
-3.614605810086844428e+01
-4.082836016633341103e+01
-4.104554615147525709e+01
-4.066165571118357036e+01
-4.160208226380872532e+01
-4.185416047939398965e+01
-4.174943354647304972e+01
-4.245607841314619435e+01
-3.159583490391511518e+01
-4.109428264500447625e+01
-4.340574854649283765e+01
-3.643064957785797731e+01
-2.442108042911380750e+01
-3.365843980463775864e+01
-3.120646408206551214e+01
-3.987385657103011738e+01
-4.367091447819056071e+01
-4.221749751286927932e+01
-3.650339071844230432e+01
-4.333791337813185152e+01
-3.914223703305443536e+01
-4.442838392572269157e+01
-4.258219059977427179e+01
