-3.182376757015495272e+01
-3.201746501406184109e+01
-3.222111207642072372e+01
-3.241649116842198453e+01
-3.262180803698495168e+01
-3.282592838648520939e+01
-3.301481016966170756e+01
-3.322598471822707467e+01
-3.342240833203324968e+01
-3.362549015004249497e+01
-3.382185417807012584e+01
-3.297615546135284603e+01
-3.310092596799741216e+01
-3.320123854041796108e+01
-3.355790292644500994e+01
-3.376328115763448068e+01
-3.397300681577766568e+01
-3.417486816679112138e+01
-3.436868652481849296e+01
-3.455957380876478879e+01
-3.476156279687730688e+01
-3.497906495090018097e+01
-3.410314214758319906e+01
-2.995808828045554506e+01
-3.405004213174619565e+01
-3.468268341521162768e+01
-3.490120126249063759e+01
-3.510437716090910953e+01
-3.530175564418986056e+01
-3.548581607384679160e+01
-3.568168538191461181e+01
-3.588842445463554043e+01
-3.610759421226023846e+01
-3.539721387249647933e+01
-3.559594413616358111e+01
-3.579766500360121029e+01
-3.599205155599712214e+01
-3.619755137896863317e+01
-3.639718261991510673e+01
-3.659572971749533110e+01
-3.679534617383701800e+01
-3.699866757435940201e+01
-3.719685707160704169e+01
-3.739556414043472898e+01
-3.234302212254848286e+01
-3.234831470004755971e+01
-3.234280160040611918e+01
-3.233704029547639891e+01
-3.234818064923111081e+01
-3.235597797455393021e+01
-3.235558165039284972e+01
-3.235788109716047956e+01
-3.236905589875339473e+01
-3.237486405565143599e+01
-3.238099329159857831e+01
-3.370029643914548245e+01
-3.363500994657596976e+01
-3.369840213638831017e+01
-3.369725017910798925e+01
-3.370209320541025733e+01
-3.370425682219565999e+01
-3.370145863169538814e+01
-3.370104421333895317e+01
-3.370548409140811685e+01
-3.371328271140708210e+01
-3.361038001088889615e+01
-3.504147483898678672e+01
-3.503523205341020486e+01
-3.495756885344104603e+01
-3.504294421319183073e+01
-3.504325516277782526e+01
-3.504522350216417692e+01
-3.504942427601186239e+01
-3.505659410928399922e+01
-3.507417887953151592e+01
-3.509044708224701026e+01
-3.512606598325933760e+01
-3.641699551165007165e+01
-3.641683279407790508e+01
-3.641624666660472798e+01
-3.641457395428113131e+01
-3.641706364088211245e+01
-3.641855975780450194e+01
-3.641547076055766752e+01
-3.641853127605349272e+01
-3.641787564720247872e+01
-3.641636198257574364e+01
-3.641394614485857062e+01
-3.767776014925929928e+01
-3.768333280654559303e+01
-3.765780552759945721e+01
-3.767508297894934088e+01
-3.767437228671347071e+01
-3.769037268693404741e+01
-3.768961578114856081e+01
-3.769353167270411831e+01
-3.769261931550330758e+01
-3.770037832577899195e+01
-3.769711355268780295e+01
-3.907153193027352955e+01
-3.907055025257159286e+01
-3.907000698308902287e+01
-3.907058417098897252e+01
-3.907603030197442706e+01
-3.907304236440126033e+01
-3.907323167326887159e+01
-3.907347066666429214e+01
-3.907460438852551476e+01
-3.907669691348579732e+01
-3.907466791912403892e+01
-4.046895184471728157e+01
-4.045861118299964687e+01
-4.042197561540671558e+01
-4.047038686836985022e+01
-4.046684357743598781e+01
-4.046814318118145337e+01
-4.046594703482718813e+01
-4.047050763748939062e+01
-4.046916851528944647e+01
-4.046813924874174262e+01
-4.047235861974331783e+01
