-3.182922222227222164e+01
-3.202661733907153518e+01
-3.222856808576263887e+01
-3.242646134197148911e+01
-3.262905458050722274e+01
-3.283157289115620614e+01
-3.302737351258618759e+01
-3.323177997103034897e+01
-3.342827696825530381e+01
-3.363090752745102208e+01
-3.382956178809327952e+01
-3.299530138250339917e+01
-3.314761819473411464e+01
-3.331940362384690246e+01
-3.358582266875513511e+01
-3.378874846622312589e+01
-3.399246294099704357e+01
-3.419527651379468125e+01
-3.439112208332836929e+01
-3.458620402013355033e+01
-3.478466945726948722e+01
-3.499614839613938244e+01
-3.412410978001498307e+01
-3.348279104423399133e+01
-3.440729652134560013e+01
-3.471345759114189633e+01
-3.492709786790668147e+01
-3.512602823959250031e+01
-3.532878838947429045e+01
-3.551585400751297072e+01
-3.571456051261429820e+01
-3.591320066207042316e+01
-3.613255597463555091e+01
-3.540372163361903546e+01
-3.560323205065569141e+01
-3.580336911834335467e+01
-3.600116386695771098e+01
-3.620367434145475727e+01
-3.640365597457159907e+01
-3.660225005832386103e+01
-3.680133443850776587e+01
-3.700425054404877301e+01
-3.720302485505024492e+01
-3.740284459244161042e+01
-3.235496665567110597e+01
-3.236068608703421745e+01
-3.235653652104404188e+01
-3.235881852908249101e+01
-3.236194225747043163e+01
-3.237041733850419689e+01
-3.237270809072894906e+01
-3.238217070760231309e+01
-3.243061890751085485e+01
-3.247267198425644352e+01
-3.248364332044105396e+01
-3.371040464643645862e+01
-3.368166255900921158e+01
-3.371271958413947090e+01
-3.371096210321177011e+01
-3.371396457644372191e+01
-3.371449108528413774e+01
-3.371493328744087137e+01
-3.371393638576346063e+01
-3.371843350219431557e+01
-3.373679889140996124e+01
-3.372638651623284289e+01
-3.505354509238669891e+01
-3.505122972734507414e+01
-3.502879081119725413e+01
-3.505618470400870024e+01
-3.505773492068156116e+01
-3.506315399275152345e+01
-3.508379900890974312e+01
-3.517204692233487862e+01
-3.730335536530485996e+01
-3.806480119553194186e+01
-3.850255071520847849e+01
-3.642433694648481435e+01
-3.642490322207184050e+01
-3.642272101659123251e+01
-3.642177021127603354e+01
-3.642304604437993021e+01
-3.642642483272004483e+01
-3.642353259318927883e+01
-3.642674774357577405e+01
-3.642546035101723589e+01
-3.642472689173854405e+01
-3.642338942497254095e+01
-3.769176664678971633e+01
-3.769362110130644083e+01
-3.768400094960609437e+01
-3.769466574468349762e+01
-3.769212644635904752e+01
-3.770864939880357980e+01
-3.770781390740324213e+01
-3.773148159296047766e+01
-3.775042761726480478e+01
-3.787703345129148147e+01
-3.839614596788270973e+01
-3.907992382088305305e+01
-3.908076633819617030e+01
-3.907902269731363987e+01
-3.908221380401597145e+01
-3.908587947659189865e+01
-3.908320495219053470e+01
-3.908312519246200623e+01
-3.908354642880792795e+01
-3.908509339812284367e+01
-3.908563113847120718e+01
-3.908724250120261701e+01
-4.047662262166664249e+01
-4.047462228465829526e+01
-4.046578196834416019e+01
-4.047873181665936926e+01
-4.047562465210378235e+01
-4.047700527144380089e+01
-4.047637144801392850e+01
-4.047956756318189520e+01
-4.047922370087961497e+01
-4.047869425019375456e+01
-4.047923527426225832e+01
