-1.665633072800035563e+01
-1.531576684521275133e+01
-1.745213698133519742e+01
-2.051203194772672234e+01
-1.758689968551992067e+01
-2.258704906961678205e+01
-1.734018954256703893e+01
-2.398542617254351228e+01
-2.031236903777980629e+01
-1.917172635391453639e+01
-1.908236205159926158e+01
-1.781739014845734204e+01
-2.013897348918690611e+01
-1.805841384069272237e+01
-2.538454166059395689e+01
-1.666166432347376158e+01
-1.845239644358151310e+01
-1.904230733794631192e+01
-1.787177656528223224e+01
-2.004928061554790020e+01
-2.009361695138989745e+01
-1.806076857838177219e+01
-1.863930881108714033e+01
-1.829620482646284074e+01
-1.791934269828634640e+01
-1.775890214583683857e+01
-1.842589276820568145e+01
-1.907482285920035991e+01
-1.893010418576583476e+01
-2.109973294002257660e+01
-2.199500703374474142e+01
-2.048059169724785988e+01
-1.875925123520552518e+01
-1.719618102072303145e+01
-2.343783256616285726e+01
-1.734467445189844170e+01
-2.254832121023034475e+01
-2.087436150451723194e+01
-2.419323914891317884e+01
-2.125046218471670301e+01
-1.929331380302947707e+01
-1.998137048013902728e+01
-2.037992699131097751e+01
-2.028748365539695442e+01
-1.852160418614490922e+01
-2.279997906893581217e+01
-2.062369013126018658e+01
-2.120541358872092275e+01
-2.190486372402842008e+01
-2.271521613908026183e+01
-1.773496784417682193e+01
-2.083479784497202658e+01
-2.045405735003442516e+01
-2.126030959368679163e+01
-2.322997680596938963e+01
-2.470457210731155939e+01
-2.230070058204028882e+01
-2.098702834075322343e+01
-2.599565465842260892e+01
-2.501740404421688524e+01
-1.770614555115809807e+01
-2.016709991851845984e+01
-2.293413023961192820e+01
-2.132455125835419807e+01
-2.560108203381316372e+01
-2.132348640180416766e+01
-2.100999265508779956e+01
-2.694739500398770460e+01
-2.489092415780830692e+01
-2.305044987755168862e+01
-2.027692817425538507e+01
-1.931081859563033376e+01
-2.087727575434524141e+01
-2.425081872605904465e+01
-2.893808092458666792e+01
-2.569752244454072709e+01
-2.715640112189398536e+01
-2.166822269546283763e+01
-2.245578849758190287e+01
-2.200398787573115555e+01
-2.468333689770898332e+01
-2.279962195985335427e+01
-1.930007007343620984e+01
-2.147699999641283952e+01
-3.122214622724093047e+01
-2.361779270295097888e+01
-3.007171262794860667e+01
-1.999209436823283781e+01
-2.494861529627591423e+01
-2.349241171580825593e+01
-2.763850451456467283e+01
-2.251659369078272732e+01
-2.237125717249310952e+01
-2.923724674140974855e+01
-2.712127620371746417e+01
-2.297178373289776587e+01
-2.690295876904284000e+01
-2.720496112891564167e+01
-2.326282411359698443e+01
-2.342438332794628053e+01
-2.424169458581971170e+01
-2.125624181261292378e+01
-2.869536694185298131e+01
-2.362816874445579884e+01
-2.370799400740411755e+01
-2.407947483721249426e+01
-2.117492645376816185e+01
-2.443598691319063221e+01
-2.538407092293513756e+01
-2.286167787809659302e+01
-2.589464324425061292e+01
-3.113619241735799648e+01
-2.529505580954180388e+01
-2.468288804742255849e+01
-2.076697350883117466e+01
-2.393605925206088614e+01
-2.510501396843523736e+01
-2.248193793246310079e+01
-2.307167263978428196e+01
-2.562123891018318034e+01
-2.088457469142990774e+01
