-2.384505741290490377e+01
-2.404066473440038720e+01
-2.424302373498337815e+01
-2.444030989945144228e+01
-2.463689944216757155e+01
-2.483647649132219826e+01
-2.503608202927475901e+01
-2.523621862360604950e+01
-2.543427747357447188e+01
-2.563351676171883753e+01
-2.582034232399750806e+01
-2.828626809682440069e+01
-2.829017951045722867e+01
-2.829191883175727895e+01
-2.828985213762488371e+01
-2.579532520295118303e+01
-2.599689033925536918e+01
-2.618665032067518794e+01
-2.829216625288847098e+01
-2.660289352228715742e+01
-2.680295519794045234e+01
-2.827937956775815564e+01
-2.963271195559849502e+01
-2.963395346146422682e+01
-2.963324038503581548e+01
-2.963290948621490273e+01
-2.963299167806444956e+01
-2.963321368326348804e+01
-2.963307739480520553e+01
-2.963506886874771240e+01
-2.963195308811492978e+01
-2.963556086269633383e+01
-2.962699531053730695e+01
-2.741142746018585896e+01
-2.761056007119926292e+01
-2.781039585940353120e+01
-2.800983810488809667e+01
-2.820926758457381922e+01
-2.840847210662932198e+01
-2.860831211995633439e+01
-2.880834103962344628e+01
-2.900905775097606210e+01
-2.920986101453875250e+01
-2.940351266184313062e+01
-3.235673446405784404e+01
-3.235609882836001816e+01
-3.235630502523238761e+01
-3.235702465889113455e+01
-3.235760585192959837e+01
-3.235693858568649972e+01
-3.235600431786872377e+01
-3.235757073550065144e+01
-3.235534855151789912e+01
-3.235729077024139144e+01
-3.235157962408481325e+01
-3.370157170248949541e+01
-3.370209104771426212e+01
-3.370631719047840136e+01
-3.370823516775283224e+01
-3.370693168890097269e+01
-3.370866212196741429e+01
-3.370515673458260153e+01
-3.370734234603774837e+01
-3.370677405031700147e+01
-3.370532181794501270e+01
-3.369464076885753911e+01
-3.504732274791994229e+01
-3.504105773033945326e+01
-3.504506454898341872e+01
-3.505131342494735947e+01
-3.504944254200327691e+01
-3.505341767660151220e+01
-3.504658881035290818e+01
-3.504605273024161960e+01
-3.504563557909217764e+01
-3.504913415547762412e+01
-3.496951814152799898e+01
-3.642419782327959865e+01
-3.642207253143130430e+01
-3.642317973018784016e+01
-3.642430253961890685e+01
-3.642136382426685515e+01
-3.642430259051522512e+01
-3.642464529256177030e+01
-3.642220595020098983e+01
-3.642424676583847543e+01
-3.642245701906645650e+01
-3.640551024025867832e+01
-3.767731744862196308e+01
-3.767213112263955566e+01
-3.767945385610543241e+01
-3.767590020495006797e+01
-3.767690280328528729e+01
-3.767675620950554816e+01
-3.767942587044290548e+01
-3.768159390574542300e+01
-3.768171781758496053e+01
-3.768023913054310015e+01
-3.767833649921784200e+01
-3.908091319091168003e+01
-3.908032953513752261e+01
-3.908163361618743892e+01
-3.907793235346095173e+01
-3.908064520731218749e+01
-3.907958245316586243e+01
-3.907644872121090884e+01
-3.907760407337904951e+01
-3.907867791064017382e+01
-3.907826460647920186e+01
-3.907505272123258777e+01
-4.047553212733331662e+01
-4.047335698517431979e+01
-4.047493819845951180e+01
-4.047625935493182681e+01
-4.047476032673633028e+01
-4.047634159046597091e+01
-4.047605810143402039e+01
-4.047730853383787775e+01
-4.047599260059585191e+01
-4.047607680286132847e+01
-4.047276739494149922e+01
