-2.383538636990606108e+01
-2.403344981569362915e+01
-2.423578547241092807e+01
-2.443468827496662499e+01
-2.463168342812212330e+01
-2.483023790355589000e+01
-2.503099900006472822e+01
-2.523246638703082212e+01
-2.542958948841607025e+01
-2.562953676827644500e+01
-2.581131942080445540e+01
-2.826045372973365133e+01
-2.827534411562569261e+01
-2.827840932125271323e+01
-2.827820936031010035e+01
-2.577156064651826739e+01
-2.597159451954369302e+01
-2.614272439677958815e+01
-2.827990934076029816e+01
-2.658733008379303442e+01
-2.678767471229927111e+01
-2.825098752668754543e+01
-2.962438031050159282e+01
-2.962428567084552000e+01
-2.962347390850430173e+01
-2.962418703768249983e+01
-2.962229713532373765e+01
-2.962527897945491873e+01
-2.962457201332671275e+01
-2.962758796564193275e+01
-2.962361687629503493e+01
-2.962794669172555473e+01
-2.961353165065800752e+01
-2.740759171503259850e+01
-2.760563102259812496e+01
-2.780556744184107387e+01
-2.800512887015369756e+01
-2.820487629405032237e+01
-2.840277739513516764e+01
-2.860347460052339130e+01
-2.880361688493808359e+01
-2.900494826997056208e+01
-2.920508586580912436e+01
-2.939139161279182133e+01
-3.234858041530490880e+01
-3.234662091091452396e+01
-3.234697110518469998e+01
-3.234893038455528824e+01
-3.234874169938984068e+01
-3.234708163909468936e+01
-3.234688886903376925e+01
-3.234884352081414249e+01
-3.234541185150782638e+01
-3.234872719496139126e+01
-3.233865190469452955e+01
-3.368426643420421129e+01
-3.368876145397565125e+01
-3.369449516236790032e+01
-3.369764630622684365e+01
-3.369471467711733936e+01
-3.369747108466357588e+01
-3.369324404885900037e+01
-3.369382522000456248e+01
-3.369590671422686512e+01
-3.369223899452920534e+01
-3.366566887048094259e+01
-3.503168053568288087e+01
-3.502362286440721562e+01
-3.503007268506672744e+01
-3.503837250067265074e+01
-3.503741385236548211e+01
-3.504057879884006610e+01
-3.503497930155905493e+01
-3.503188091646005375e+01
-3.503150095579999856e+01
-3.503705414833275000e+01
-3.488864049113978894e+01
-3.641497015563061979e+01
-3.641340110079033110e+01
-3.641286121418435329e+01
-3.641536137142826135e+01
-3.641410941041385740e+01
-3.641522886771602430e+01
-3.641699883133549775e+01
-3.641444420036083329e+01
-3.641613743499569011e+01
-3.641337225729689919e+01
-3.637120863031555729e+01
-3.766350129035072314e+01
-3.765637381975002995e+01
-3.766577126745715987e+01
-3.766237141825857293e+01
-3.766152747061664030e+01
-3.766324438690280374e+01
-3.766695251105623754e+01
-3.766573197818421903e+01
-3.766777363428986547e+01
-3.766450034482544140e+01
-3.766676598461200598e+01
-3.907093596709395200e+01
-3.906998619169203835e+01
-3.906987682928960481e+01
-3.906931105055375042e+01
-3.907188832866864203e+01
-3.906987325683002865e+01
-3.906838613208826416e+01
-3.906917973653310838e+01
-3.906920271621606133e+01
-3.906817975447801672e+01
-3.906503716414055560e+01
-4.046954173585634607e+01
-4.046582200823825559e+01
-4.046738584261070315e+01
-4.046863167011772333e+01
-4.046798395436046292e+01
-4.046913105097272734e+01
-4.046912631413097472e+01
-4.047050775370460229e+01
-4.046837633494322262e+01
-4.046828507152152810e+01
-4.046140306568909750e+01
