-1.783003373069604436e+01
-1.482563222560016314e+01
-1.388397366954466605e+01
-1.427438450424256722e+01
-1.796148548425080094e+01
-1.550937609221583990e+01
-1.317677130557218490e+01
-1.363517425825395257e+01
-1.197532240828617489e+01
-1.453625158437733234e+01
-1.367168205956068938e+01
-1.552327133505142420e+01
-1.312853092695475965e+01
-1.542072921406194830e+01
-1.417490034939903509e+01
-1.542971173173807387e+01
-1.355499681769379805e+01
-1.462282426704643967e+01
-1.665671670367230561e+01
-1.388424223852063299e+01
-1.679384662391586858e+01
-1.432312018411735544e+01
-1.731173536680148928e+01
-1.719765121220401127e+01
-1.574554938962609363e+01
-1.587792903340316286e+01
-1.300899173978339896e+01
-1.475503926818107914e+01
-1.977809843696385528e+01
-1.518650591843002218e+01
-1.442880904195362746e+01
-1.591493215478177525e+01
-1.470594390066828083e+01
-2.000793714099125964e+01
-1.576170289313548700e+01
-2.397402851431577986e+01
-1.585710275115408052e+01
-1.628005699671445683e+01
-1.747348128151607938e+01
-1.676125164662488842e+01
-1.734451863713087505e+01
-1.611071963349676750e+01
-2.205928771041954306e+01
-1.678111656068348978e+01
-1.908293610455799794e+01
-1.734498504446158407e+01
-1.794723086701006665e+01
-1.788457271876550436e+01
-2.506687163813518637e+01
-1.545981289238659784e+01
-1.519678111619145611e+01
-1.885745711511629352e+01
-1.740028027664949661e+01
-2.113246667773697496e+01
-1.438722629338175096e+01
-2.185532762114256755e+01
-2.303596955105030020e+01
-1.672262201775681589e+01
-1.774756053324828287e+01
-2.022824553253586544e+01
-2.318431688401478041e+01
-1.836428557748040546e+01
-1.615488196963479339e+01
-1.875780505302153145e+01
-1.899470296762164878e+01
-1.688919256089900145e+01
-2.043386911932929806e+01
-1.871874886011994832e+01
-2.093257799044323519e+01
-1.872154221415165054e+01
-1.765302431607808487e+01
-1.726876829132137203e+01
-1.800893544747326303e+01
-2.027609569777822074e+01
-1.903990375066700480e+01
-2.154202234765048374e+01
-1.820213979205705002e+01
-2.029331041410102898e+01
-2.189497633868235482e+01
-1.875265656942600501e+01
-2.630564020503970113e+01
-2.201492081939747436e+01
-2.692749839205886531e+01
-2.618565506643671270e+01
-1.819472468185731628e+01
-1.912102313478383309e+01
-1.922815775522970938e+01
-2.044519931607576524e+01
-2.118158102384569474e+01
-1.699301991691890024e+01
-1.795329720910411098e+01
-2.057805192182763676e+01
-1.857603752384905249e+01
-1.949183217108097921e+01
-2.664207886716680562e+01
-2.175021309825039495e+01
-2.399051857788524700e+01
-1.672131722626315309e+01
-2.605815855782192614e+01
-1.855444705205091438e+01
-2.017924752618645101e+01
-2.547708191332881356e+01
-2.211314379984222001e+01
-2.081706329307673897e+01
-2.518690750997496508e+01
-2.399813264594580886e+01
-2.317775260132898651e+01
-2.401332178500512882e+01
-1.946004100335260745e+01
-2.241591249993238222e+01
-2.765222142844362807e+01
-1.906426833211837391e+01
-1.889496782101090133e+01
-2.366846657398989251e+01
-2.111192749006416847e+01
-2.350550487024762347e+01
-2.368624328486488295e+01
-2.549858436316585042e+01
-2.310143396971831820e+01
-2.303786925039661071e+01
-2.272519920830996654e+01
