-2.442928055263119802e+01
-2.274331248953893692e+01
-2.490868860735496426e+01
-2.327673502196877919e+01
-2.618679608247710533e+01
-2.211659103137233018e+01
-2.318631130136354912e+01
-2.545718910090328535e+01
-2.026758940953589772e+01
-2.148572522137143537e+01
-2.615128554311292319e+01
-2.559814948124629197e+01
-2.577348119962556794e+01
-2.041151058688016207e+01
-2.398762593474333826e+01
-1.843355077047583634e+01
-2.190504676490795077e+01
-2.515704024142676332e+01
-2.548186346171307548e+01
-2.236156788662962569e+01
-2.616689969647374525e+01
-2.686715660443005405e+01
-2.601212377893837413e+01
-2.323706726061645966e+01
-2.367118728608403444e+01
-2.476946253110513041e+01
-2.571195521631921821e+01
-2.766536016923042496e+01
-2.638029323843190710e+01
-2.658674185792719413e+01
-2.844884094688777765e+01
-2.846669753212934495e+01
-2.740706897274082365e+01
-2.857854029238884763e+01
-2.398810191550336413e+01
-2.986557952514840508e+01
-2.948959996941742290e+01
-2.991274626043839291e+01
-2.297016258002368616e+01
-2.984309277764531032e+01
-2.921053225250132357e+01
-2.443836362288478981e+01
-2.645950477989723382e+01
-2.197554241128104024e+01
-2.804986415317530302e+01
-2.938479920105016419e+01
-3.094815045288661537e+01
-3.058534565258000626e+01
-2.968050630290532510e+01
-2.158152823053416824e+01
-2.446435632769664181e+01
-2.673277238861890126e+01
-3.048311660829604719e+01
-2.642709217191720228e+01
-2.777380899425850203e+01
-3.124139436187643781e+01
-2.388753327194149634e+01
-3.194727673837024895e+01
-2.692338157568837431e+01
-3.191910804897065290e+01
-2.512624255653623706e+01
-2.248758350559874231e+01
-2.968708073343824694e+01
-3.017244175654212057e+01
-2.595961924927847164e+01
-3.120015714494681802e+01
-2.490097221277446593e+01
-2.535569257005571941e+01
-2.886762330191653092e+01
-2.348627323742085693e+01
-2.229384529215499811e+01
-2.792591668128307347e+01
-2.953231531028011858e+01
-2.898098336326983926e+01
-3.412643321291658083e+01
-2.713534524105594770e+01
-3.076654960943154293e+01
-3.351292239154183505e+01
-3.212082857931899582e+01
-3.393636440710805147e+01
-2.783770083583506505e+01
-3.472668522381550815e+01
-3.075989590226907211e+01
-3.015012923668495404e+01
-3.358933143089637241e+01
-2.998530170411915918e+01
-3.179431420125735031e+01
-3.117421059888055268e+01
-3.644573041915828071e+01
-2.867038964040436255e+01
-3.319037422113427738e+01
-2.685798460056032511e+01
-3.538005729098825469e+01
-2.814004449567229571e+01
-3.446454082282038911e+01
-3.633640566814467832e+01
-3.218994124135515733e+01
-3.111599226948013808e+01
-3.047652438913650386e+01
-3.314166270389532798e+01
-3.196693100640403884e+01
-2.914973428539112987e+01
-3.409981388062517738e+01
-3.205356697092742735e+01
-3.253250744116412818e+01
-3.687493564802323931e+01
-3.160565004022004487e+01
-3.388238611884420237e+01
-3.679204864842244405e+01
-3.457683461177416717e+01
-3.660004875973216087e+01
-3.643202317130985790e+01
-3.166774788539175844e+01
-3.527969980148758822e+01
-3.441460868353950531e+01
-3.750448657385439333e+01
-3.453279337121853843e+01
-3.204778629327508099e+01
-3.337515489907993071e+01
-3.733793105091071141e+01
-3.600190491581079755e+01
