1.000000000000000000e+00 8.827233910560607910e-01
2.000000000000000000e+00 9.408171176910400391e-01
3.000000000000000000e+00 9.813904166221618652e-01
4.000000000000000000e+00 9.800386428833007812e-01
5.000000000000000000e+00 9.806559085845947266e-01
6.000000000000000000e+00 9.778586626052856445e-01
7.000000000000000000e+00 9.718192219734191895e-01
8.000000000000000000e+00 9.659572243690490723e-01
9.000000000000000000e+00 9.899642467498779297e-01
1.000000000000000000e+01 9.793552160263061523e-01
1.100000000000000000e+01 9.789915680885314941e-01
1.200000000000000000e+01 9.898210167884826660e-01
1.300000000000000000e+01 9.929155111312866211e-01
1.400000000000000000e+01 9.897560477256774902e-01
1.500000000000000000e+01 9.899235367774963379e-01
1.600000000000000000e+01 9.931429624557495117e-01
1.700000000000000000e+01 9.899041056632995605e-01
1.800000000000000000e+01 9.903495907783508301e-01
1.900000000000000000e+01 9.902513623237609863e-01
2.000000000000000000e+01 9.903542399406433105e-01
2.100000000000000000e+01 9.708161950111389160e-01
2.200000000000000000e+01 9.863187670707702637e-01
2.300000000000000000e+01 9.901562929153442383e-01
2.400000000000000000e+01 9.949055314064025879e-01
2.500000000000000000e+01 9.950197935104370117e-01
2.600000000000000000e+01 9.954376220703125000e-01
2.700000000000000000e+01 9.953935146331787109e-01
2.800000000000000000e+01 9.958114624023437500e-01
2.900000000000000000e+01 9.958652853965759277e-01
3.000000000000000000e+01 9.943089485168457031e-01
3.100000000000000000e+01 9.915124773979187012e-01
3.200000000000000000e+01 9.509768486022949219e-01
3.300000000000000000e+01 9.686068296432495117e-01
3.400000000000000000e+01 9.801502227783203125e-01
3.500000000000000000e+01 9.797714948654174805e-01
3.600000000000000000e+01 9.850879907608032227e-01
3.700000000000000000e+01 9.869163632392883301e-01
3.800000000000000000e+01 9.900060296058654785e-01
3.900000000000000000e+01 9.820446372032165527e-01
4.000000000000000000e+01 9.910988807678222656e-01
4.100000000000000000e+01 9.925547838211059570e-01
4.200000000000000000e+01 9.941039681434631348e-01
4.300000000000000000e+01 9.933463931083679199e-01
4.400000000000000000e+01 9.951938986778259277e-01
4.500000000000000000e+01 9.944441318511962891e-01
4.600000000000000000e+01 9.962600469589233398e-01
4.700000000000000000e+01 9.946050047874450684e-01
4.800000000000000000e+01 9.953525662422180176e-01
4.900000000000000000e+01 9.949308633804321289e-01
5.000000000000000000e+01 9.925445914268493652e-01
5.100000000000000000e+01 9.951701760292053223e-01
5.200000000000000000e+01 9.883180260658264160e-01
5.300000000000000000e+01 9.912949800491333008e-01
5.400000000000000000e+01 9.699167013168334961e-01
5.500000000000000000e+01 9.399911761283874512e-01
5.600000000000000000e+01 9.741420149803161621e-01
5.700000000000000000e+01 9.909733533859252930e-01
5.800000000000000000e+01 9.924299120903015137e-01
5.900000000000000000e+01 9.927443861961364746e-01
6.000000000000000000e+01 9.922117590904235840e-01
6.100000000000000000e+01 9.925402998924255371e-01
6.200000000000000000e+01 9.909826517105102539e-01
6.300000000000000000e+01 9.769006967544555664e-01
6.400000000000000000e+01 9.936426281929016113e-01
6.500000000000000000e+01 9.925280809402465820e-01
6.600000000000000000e+01 9.935790896415710449e-01
6.700000000000000000e+01 9.939600825309753418e-01
6.800000000000000000e+01 9.933562278747558594e-01
6.900000000000000000e+01 9.946130514144897461e-01
7.000000000000000000e+01 9.927583932876586914e-01
7.100000000000000000e+01 9.918723702430725098e-01
7.200000000000000000e+01 9.920134544372558594e-01
7.300000000000000000e+01 9.914672970771789551e-01
7.400000000000000000e+01 9.908612966537475586e-01
7.500000000000000000e+01 9.906233549118041992e-01
7.600000000000000000e+01 9.955874085426330566e-01
7.700000000000000000e+01 9.965210556983947754e-01
7.800000000000000000e+01 9.976077675819396973e-01
7.900000000000000000e+01 9.962649345397949219e-01
8.000000000000000000e+01 9.973174929618835449e-01
8.100000000000000000e+01 9.969074130058288574e-01
8.200000000000000000e+01 9.975404143333435059e-01
8.300000000000000000e+01 9.965835809707641602e-01
8.400000000000000000e+01 9.974040389060974121e-01
8.500000000000000000e+01 9.969791769981384277e-01
8.600000000000000000e+01 9.972272515296936035e-01
8.700000000000000000e+01 9.977547526359558105e-01
8.800000000000000000e+01 9.969736337661743164e-01
8.900000000000000000e+01 9.972457289695739746e-01
9.000000000000000000e+01 9.972015023231506348e-01
9.100000000000000000e+01 9.964256286621093750e-01
9.200000000000000000e+01 9.969040155410766602e-01
9.300000000000000000e+01 9.963099360466003418e-01
9.400000000000000000e+01 9.693727493286132812e-01
9.500000000000000000e+01 9.848057627677917480e-01
9.600000000000000000e+01 9.818083047866821289e-01
9.700000000000000000e+01 9.902625083923339844e-01
9.800000000000000000e+01 9.858593940734863281e-01
9.900000000000000000e+01 9.817233681678771973e-01
1.000000000000000000e+02 9.380760788917541504e-01
1.010000000000000000e+02 9.895051717758178711e-01
1.020000000000000000e+02 9.910647869110107422e-01
1.030000000000000000e+02 9.933372139930725098e-01
1.040000000000000000e+02 9.943223595619201660e-01
1.050000000000000000e+02 9.908105731010437012e-01
1.060000000000000000e+02 9.929109215736389160e-01
1.070000000000000000e+02 9.794167876243591309e-01
1.080000000000000000e+02 9.777467846870422363e-01
1.090000000000000000e+02 9.744648933410644531e-01
1.100000000000000000e+02 9.901298880577087402e-01
1.110000000000000000e+02 9.744486808776855469e-01
1.120000000000000000e+02 9.802309870719909668e-01
1.130000000000000000e+02 9.880242943763732910e-01
1.140000000000000000e+02 9.911791086196899414e-01
1.150000000000000000e+02 9.923897385597229004e-01
1.160000000000000000e+02 9.885221123695373535e-01
1.170000000000000000e+02 9.903321862220764160e-01
1.180000000000000000e+02 9.888755679130554199e-01
1.190000000000000000e+02 9.916419982910156250e-01
1.200000000000000000e+02 9.908766746520996094e-01
1.210000000000000000e+02 9.851959943771362305e-01
1.220000000000000000e+02 9.834474325180053711e-01
1.230000000000000000e+02 9.812743663787841797e-01
1.240000000000000000e+02 9.834368824958801270e-01
1.250000000000000000e+02 9.612202048301696777e-01
1.260000000000000000e+02 9.762651324272155762e-01
1.270000000000000000e+02 9.829326272010803223e-01
1.280000000000000000e+02 9.854192733764648438e-01
1.290000000000000000e+02 9.927114248275756836e-01
1.300000000000000000e+02 9.933666586875915527e-01
1.310000000000000000e+02 9.944330453872680664e-01
1.320000000000000000e+02 9.947689175605773926e-01
1.330000000000000000e+02 9.956231713294982910e-01
1.340000000000000000e+02 9.967262148857116699e-01
1.350000000000000000e+02 9.970646500587463379e-01
1.360000000000000000e+02 9.965454936027526855e-01
1.370000000000000000e+02 9.972223639488220215e-01
1.380000000000000000e+02 9.968469142913818359e-01
1.390000000000000000e+02 9.970967173576354980e-01
1.400000000000000000e+02 9.974290132522583008e-01
1.410000000000000000e+02 9.964722990989685059e-01
1.420000000000000000e+02 9.972196221351623535e-01
1.430000000000000000e+02 9.973389506340026855e-01
1.440000000000000000e+02 9.963124990463256836e-01
1.450000000000000000e+02 9.967723488807678223e-01
1.460000000000000000e+02 9.971422553062438965e-01
1.470000000000000000e+02 9.970257282257080078e-01
1.480000000000000000e+02 9.954934716224670410e-01
1.490000000000000000e+02 9.968656897544860840e-01
1.500000000000000000e+02 9.970719218254089355e-01
1.510000000000000000e+02 9.959201216697692871e-01
1.520000000000000000e+02 9.952983260154724121e-01
1.530000000000000000e+02 9.945094585418701172e-01
1.540000000000000000e+02 9.943084120750427246e-01
1.550000000000000000e+02 9.791043996810913086e-01
1.560000000000000000e+02 9.762708544731140137e-01
1.570000000000000000e+02 9.852954149246215820e-01
1.580000000000000000e+02 9.912968277931213379e-01
1.590000000000000000e+02 9.902189373970031738e-01
1.600000000000000000e+02 9.912019968032836914e-01
1.610000000000000000e+02 9.930724501609802246e-01
1.620000000000000000e+02 9.940717220306396484e-01
1.630000000000000000e+02 9.942294359207153320e-01
1.640000000000000000e+02 9.955788850784301758e-01
1.650000000000000000e+02 9.950243234634399414e-01
1.660000000000000000e+02 9.949159026145935059e-01
1.670000000000000000e+02 9.940394759178161621e-01
1.680000000000000000e+02 9.943414330482482910e-01
1.690000000000000000e+02 9.958172440528869629e-01
1.700000000000000000e+02 9.953035116195678711e-01
1.710000000000000000e+02 9.939459562301635742e-01
1.720000000000000000e+02 9.962425827980041504e-01
1.730000000000000000e+02 9.947693347930908203e-01
1.740000000000000000e+02 9.927507042884826660e-01
1.750000000000000000e+02 9.935718178749084473e-01
1.760000000000000000e+02 9.951753020286560059e-01
1.770000000000000000e+02 9.956223964691162109e-01
1.780000000000000000e+02 9.961484074592590332e-01
1.790000000000000000e+02 9.967087507247924805e-01
1.800000000000000000e+02 9.964841604232788086e-01
1.810000000000000000e+02 9.959134459495544434e-01
1.820000000000000000e+02 9.959318041801452637e-01
1.830000000000000000e+02 9.960181117057800293e-01
1.840000000000000000e+02 9.954293370246887207e-01
1.850000000000000000e+02 9.952195882797241211e-01
1.860000000000000000e+02 9.950141310691833496e-01
1.870000000000000000e+02 9.558962583541870117e-01
1.880000000000000000e+02 9.768516421318054199e-01
1.890000000000000000e+02 9.798087477684020996e-01
1.900000000000000000e+02 9.712855815887451172e-01
1.910000000000000000e+02 9.847095608711242676e-01
1.920000000000000000e+02 9.792060256004333496e-01
1.930000000000000000e+02 9.698048233985900879e-01
1.940000000000000000e+02 9.935828447341918945e-01
1.950000000000000000e+02 9.928504228591918945e-01
1.960000000000000000e+02 9.939107894897460938e-01
1.970000000000000000e+02 9.940142035484313965e-01
1.980000000000000000e+02 9.933038949966430664e-01
1.990000000000000000e+02 9.952507019042968750e-01
2.000000000000000000e+02 9.939162731170654297e-01
2.010000000000000000e+02 9.943578243255615234e-01
2.020000000000000000e+02 9.936321973800659180e-01
2.030000000000000000e+02 9.939131140708923340e-01
2.040000000000000000e+02 9.919382333755493164e-01
2.050000000000000000e+02 9.911543130874633789e-01
2.060000000000000000e+02 9.757583737373352051e-01
2.070000000000000000e+02 9.867236614227294922e-01
2.080000000000000000e+02 9.880892038345336914e-01
2.090000000000000000e+02 9.903410077095031738e-01
2.100000000000000000e+02 9.894191622734069824e-01
2.110000000000000000e+02 9.925056695938110352e-01
2.120000000000000000e+02 9.905076026916503906e-01
2.130000000000000000e+02 9.902383685111999512e-01
2.140000000000000000e+02 9.880360960960388184e-01
2.150000000000000000e+02 9.923254847526550293e-01
2.160000000000000000e+02 9.888803958892822266e-01
2.170000000000000000e+02 9.863344430923461914e-01
2.180000000000000000e+02 9.851769804954528809e-01
2.190000000000000000e+02 9.917495846748352051e-01
2.200000000000000000e+02 9.927174448966979980e-01
2.210000000000000000e+02 9.896259307861328125e-01
2.220000000000000000e+02 9.869762063026428223e-01
2.230000000000000000e+02 9.954642653465270996e-01
2.240000000000000000e+02 9.954743981361389160e-01
2.250000000000000000e+02 9.956358671188354492e-01
2.260000000000000000e+02 9.961066246032714844e-01
2.270000000000000000e+02 9.920455813407897949e-01
2.280000000000000000e+02 9.941272139549255371e-01
2.290000000000000000e+02 9.964455962181091309e-01
2.300000000000000000e+02 9.913693666458129883e-01
2.310000000000000000e+02 9.941110014915466309e-01
2.320000000000000000e+02 9.957097172737121582e-01
2.330000000000000000e+02 9.956316351890563965e-01
2.340000000000000000e+02 9.965442419052124023e-01
2.350000000000000000e+02 9.964945316314697266e-01
2.360000000000000000e+02 9.972716569900512695e-01
2.370000000000000000e+02 9.968863129615783691e-01
2.380000000000000000e+02 9.969326257705688477e-01
2.390000000000000000e+02 9.962028264999389648e-01
2.400000000000000000e+02 9.968699812889099121e-01
2.410000000000000000e+02 9.962474107742309570e-01
2.420000000000000000e+02 9.965983629226684570e-01
2.430000000000000000e+02 9.967948794364929199e-01
2.440000000000000000e+02 9.968760609626770020e-01
2.450000000000000000e+02 9.968087077140808105e-01
2.460000000000000000e+02 9.962037801742553711e-01
2.470000000000000000e+02 9.965302944183349609e-01
2.480000000000000000e+02 9.952992796897888184e-01
2.490000000000000000e+02 9.871114492416381836e-01
2.500000000000000000e+02 9.927671551704406738e-01
2.510000000000000000e+02 9.957518577575683594e-01
2.520000000000000000e+02 9.957412481307983398e-01
2.530000000000000000e+02 9.949468970298767090e-01
2.540000000000000000e+02 9.956173896789550781e-01
2.550000000000000000e+02 9.957960247993469238e-01
2.560000000000000000e+02 9.960297942161560059e-01
2.570000000000000000e+02 9.948074817657470703e-01
2.580000000000000000e+02 9.959577918052673340e-01
2.590000000000000000e+02 9.948549270629882812e-01
2.600000000000000000e+02 9.906758666038513184e-01
2.610000000000000000e+02 9.944037199020385742e-01
2.620000000000000000e+02 9.867979288101196289e-01
2.630000000000000000e+02 9.961848855018615723e-01
2.640000000000000000e+02 9.958820939064025879e-01
2.650000000000000000e+02 9.950460195541381836e-01
2.660000000000000000e+02 9.951191544532775879e-01
2.670000000000000000e+02 9.923384785652160645e-01
2.680000000000000000e+02 9.952957630157470703e-01
2.690000000000000000e+02 9.954348802566528320e-01
2.700000000000000000e+02 9.963355064392089844e-01
2.710000000000000000e+02 9.957354068756103516e-01
2.720000000000000000e+02 9.961211085319519043e-01
2.730000000000000000e+02 9.965279698371887207e-01
2.740000000000000000e+02 9.966083765029907227e-01
2.750000000000000000e+02 9.964514374732971191e-01
2.760000000000000000e+02 9.968224763870239258e-01
2.770000000000000000e+02 9.958727955818176270e-01
2.780000000000000000e+02 9.956960082054138184e-01
2.790000000000000000e+02 9.955082535743713379e-01
2.800000000000000000e+02 9.816570281982421875e-01
2.810000000000000000e+02 9.868815541267395020e-01
2.820000000000000000e+02 9.892300367355346680e-01
2.830000000000000000e+02 9.897992014884948730e-01
2.840000000000000000e+02 9.931230545043945312e-01
2.850000000000000000e+02 9.950590133666992188e-01
2.860000000000000000e+02 9.960020780563354492e-01
2.870000000000000000e+02 9.962598085403442383e-01
2.880000000000000000e+02 9.953771233558654785e-01
2.890000000000000000e+02 9.961799383163452148e-01
2.900000000000000000e+02 9.962160587310791016e-01
2.910000000000000000e+02 9.954275488853454590e-01
2.920000000000000000e+02 9.964783787727355957e-01
2.930000000000000000e+02 9.966557621955871582e-01
2.940000000000000000e+02 9.964949488639831543e-01
2.950000000000000000e+02 9.969611167907714844e-01
2.960000000000000000e+02 9.971559643745422363e-01
2.970000000000000000e+02 9.964393377304077148e-01
2.980000000000000000e+02 9.962617158889770508e-01
2.990000000000000000e+02 9.889093637466430664e-01
3.000000000000000000e+02 9.934234023094177246e-01
3.010000000000000000e+02 9.967529773712158203e-01
3.020000000000000000e+02 9.963573217391967773e-01
3.030000000000000000e+02 9.972759485244750977e-01
3.040000000000000000e+02 9.970666170120239258e-01
3.050000000000000000e+02 9.971880316734313965e-01
3.060000000000000000e+02 9.969500899314880371e-01
3.070000000000000000e+02 9.971910119056701660e-01
3.080000000000000000e+02 9.970713853836059570e-01
3.090000000000000000e+02 9.971276521682739258e-01
3.100000000000000000e+02 9.965404868125915527e-01
3.110000000000000000e+02 9.710574746131896973e-01
3.120000000000000000e+02 9.899230003356933594e-01
3.130000000000000000e+02 9.910847544670104980e-01
3.140000000000000000e+02 9.922262430191040039e-01
3.150000000000000000e+02 9.945562481880187988e-01
3.160000000000000000e+02 9.945237040519714355e-01
3.170000000000000000e+02 9.941436052322387695e-01
3.180000000000000000e+02 9.953808784484863281e-01
3.190000000000000000e+02 9.947704076766967773e-01
3.200000000000000000e+02 9.944723844528198242e-01
3.210000000000000000e+02 9.942271113395690918e-01
3.220000000000000000e+02 9.957921504974365234e-01
3.230000000000000000e+02 9.947535991668701172e-01
3.240000000000000000e+02 9.948476552963256836e-01
3.250000000000000000e+02 9.929758906364440918e-01
3.260000000000000000e+02 9.929804801940917969e-01
3.270000000000000000e+02 9.946559667587280273e-01
3.280000000000000000e+02 9.896445870399475098e-01
3.290000000000000000e+02 9.907524585723876953e-01
3.300000000000000000e+02 9.953100681304931641e-01
3.310000000000000000e+02 9.948744177818298340e-01
3.320000000000000000e+02 9.936046004295349121e-01
3.330000000000000000e+02 9.962744712829589844e-01
3.340000000000000000e+02 9.968176484107971191e-01
3.350000000000000000e+02 9.969077110290527344e-01
3.360000000000000000e+02 9.963799118995666504e-01
3.370000000000000000e+02 9.968043565750122070e-01
3.380000000000000000e+02 9.957969784736633301e-01
3.390000000000000000e+02 9.959462285041809082e-01
3.400000000000000000e+02 9.951672554016113281e-01
3.410000000000000000e+02 9.933655261993408203e-01
3.420000000000000000e+02 9.791311025619506836e-01
3.430000000000000000e+02 9.707718491554260254e-01
3.440000000000000000e+02 9.728693366050720215e-01
3.450000000000000000e+02 9.795808196067810059e-01
3.460000000000000000e+02 9.915999770164489746e-01
3.470000000000000000e+02 9.910150766372680664e-01
3.480000000000000000e+02 9.930331707000732422e-01
3.490000000000000000e+02 9.919034242630004883e-01
3.500000000000000000e+02 9.943989515304565430e-01
3.510000000000000000e+02 9.918606281280517578e-01
3.520000000000000000e+02 9.918686151504516602e-01
3.530000000000000000e+02 9.906198978424072266e-01
3.540000000000000000e+02 9.924114346504211426e-01
3.550000000000000000e+02 9.721537232398986816e-01
3.560000000000000000e+02 9.865752458572387695e-01
3.570000000000000000e+02 9.964694380760192871e-01
3.580000000000000000e+02 9.957473874092102051e-01
3.590000000000000000e+02 9.962644577026367188e-01
3.600000000000000000e+02 9.972438812255859375e-01
3.610000000000000000e+02 9.932526946067810059e-01
3.620000000000000000e+02 9.950325489044189453e-01
3.630000000000000000e+02 9.967190623283386230e-01
3.640000000000000000e+02 9.968590140342712402e-01
3.650000000000000000e+02 9.968416690826416016e-01
3.660000000000000000e+02 9.973610043525695801e-01
3.670000000000000000e+02 9.974417686462402344e-01
3.680000000000000000e+02 9.969007968902587891e-01
3.690000000000000000e+02 9.974241256713867188e-01
3.700000000000000000e+02 9.967786669731140137e-01
3.710000000000000000e+02 9.963631033897399902e-01
3.720000000000000000e+02 9.966611862182617188e-01
3.730000000000000000e+02 9.802970290184020996e-01
3.740000000000000000e+02 9.919750094413757324e-01
3.750000000000000000e+02 9.946185350418090820e-01
3.760000000000000000e+02 9.865038394927978516e-01
3.770000000000000000e+02 9.957686662673950195e-01
3.780000000000000000e+02 9.937803745269775391e-01
3.790000000000000000e+02 9.964621663093566895e-01
3.800000000000000000e+02 9.933004379272460938e-01
3.810000000000000000e+02 9.923708438873291016e-01
3.820000000000000000e+02 9.928659200668334961e-01
3.830000000000000000e+02 9.920546412467956543e-01
3.840000000000000000e+02 9.917601943016052246e-01
3.850000000000000000e+02 9.947737455368041992e-01
3.860000000000000000e+02 9.925067424774169922e-01
3.870000000000000000e+02 9.941445589065551758e-01
3.880000000000000000e+02 9.948118925094604492e-01
3.890000000000000000e+02 9.959431886672973633e-01
3.900000000000000000e+02 9.952993988990783691e-01
3.910000000000000000e+02 9.963068366050720215e-01
3.920000000000000000e+02 9.947029352188110352e-01
3.930000000000000000e+02 9.953373074531555176e-01
3.940000000000000000e+02 9.939457178115844727e-01
3.950000000000000000e+02 9.929445385932922363e-01
3.960000000000000000e+02 9.898714423179626465e-01
3.970000000000000000e+02 9.868068099021911621e-01
3.980000000000000000e+02 9.930309653282165527e-01
3.990000000000000000e+02 9.853020310401916504e-01
4.000000000000000000e+02 9.935956597328186035e-01
4.010000000000000000e+02 9.955791831016540527e-01
4.020000000000000000e+02 9.946679472923278809e-01
4.030000000000000000e+02 9.926722645759582520e-01
4.040000000000000000e+02 9.820451736450195312e-01
4.050000000000000000e+02 9.918372035026550293e-01
4.060000000000000000e+02 9.948400855064392090e-01
4.070000000000000000e+02 9.954848885536193848e-01
4.080000000000000000e+02 9.962365627288818359e-01
4.090000000000000000e+02 9.964601993560791016e-01
4.100000000000000000e+02 9.967780113220214844e-01
4.110000000000000000e+02 9.960357546806335449e-01
4.120000000000000000e+02 9.968674778938293457e-01
4.130000000000000000e+02 9.966224431991577148e-01
4.140000000000000000e+02 9.971473813056945801e-01
4.150000000000000000e+02 9.963946342468261719e-01
4.160000000000000000e+02 9.968883991241455078e-01
4.170000000000000000e+02 9.968346953392028809e-01
4.180000000000000000e+02 9.968801140785217285e-01
4.190000000000000000e+02 9.966174364089965820e-01
4.200000000000000000e+02 9.969911575317382812e-01
4.210000000000000000e+02 9.969128966331481934e-01
4.220000000000000000e+02 9.971228837966918945e-01
4.230000000000000000e+02 9.972223639488220215e-01
4.240000000000000000e+02 9.971870183944702148e-01
4.250000000000000000e+02 9.967275261878967285e-01
4.260000000000000000e+02 9.965763688087463379e-01
4.270000000000000000e+02 9.960756301879882812e-01
4.280000000000000000e+02 9.964735507965087891e-01
4.290000000000000000e+02 9.968376755714416504e-01
4.300000000000000000e+02 9.966480731964111328e-01
4.310000000000000000e+02 9.965885281562805176e-01
4.320000000000000000e+02 9.964338541030883789e-01
4.330000000000000000e+02 9.958596825599670410e-01
4.340000000000000000e+02 9.959762692451477051e-01
4.350000000000000000e+02 9.864616990089416504e-01
4.360000000000000000e+02 9.949638247489929199e-01
4.370000000000000000e+02 9.962567687034606934e-01
4.380000000000000000e+02 9.966438412666320801e-01
4.390000000000000000e+02 9.976479411125183105e-01
4.400000000000000000e+02 9.976359009742736816e-01
4.410000000000000000e+02 9.973589181900024414e-01
4.420000000000000000e+02 9.968871474266052246e-01
4.430000000000000000e+02 9.975382089614868164e-01
4.440000000000000000e+02 9.967117905616760254e-01
4.450000000000000000e+02 9.966700673103332520e-01
4.460000000000000000e+02 9.971437454223632812e-01
4.470000000000000000e+02 9.968354701995849609e-01
4.480000000000000000e+02 9.974722862243652344e-01
4.490000000000000000e+02 9.972532391548156738e-01
4.500000000000000000e+02 9.975135922431945801e-01
4.510000000000000000e+02 9.966665506362915039e-01
4.520000000000000000e+02 9.973536133766174316e-01
4.530000000000000000e+02 9.978005290031433105e-01
4.540000000000000000e+02 9.955513477325439453e-01
4.550000000000000000e+02 9.972838759422302246e-01
4.560000000000000000e+02 9.963867664337158203e-01
4.570000000000000000e+02 9.967038631439208984e-01
4.580000000000000000e+02 9.961307048797607422e-01
4.590000000000000000e+02 9.972087144851684570e-01
4.600000000000000000e+02 9.969269037246704102e-01
4.610000000000000000e+02 9.957286119461059570e-01
4.620000000000000000e+02 9.953244328498840332e-01
4.630000000000000000e+02 9.970282316207885742e-01
4.640000000000000000e+02 9.937368035316467285e-01
4.650000000000000000e+02 9.897727370262145996e-01
4.660000000000000000e+02 9.774837493896484375e-01
4.670000000000000000e+02 9.832485318183898926e-01
4.680000000000000000e+02 9.856858849525451660e-01
4.690000000000000000e+02 9.929462671279907227e-01
4.700000000000000000e+02 9.937826991081237793e-01
4.710000000000000000e+02 9.939118027687072754e-01
4.720000000000000000e+02 9.936398267745971680e-01
4.730000000000000000e+02 9.951975941658020020e-01
4.740000000000000000e+02 9.940413236618041992e-01
4.750000000000000000e+02 9.945335388183593750e-01
4.760000000000000000e+02 9.952485561370849609e-01
4.770000000000000000e+02 9.952884316444396973e-01
4.780000000000000000e+02 9.955459237098693848e-01
4.790000000000000000e+02 9.956731796264648438e-01
4.800000000000000000e+02 9.957638382911682129e-01
4.810000000000000000e+02 9.952792525291442871e-01
4.820000000000000000e+02 9.959692955017089844e-01
4.830000000000000000e+02 9.953604936599731445e-01
4.840000000000000000e+02 9.960108399391174316e-01
4.850000000000000000e+02 9.939907193183898926e-01
4.860000000000000000e+02 9.925613999366760254e-01
4.870000000000000000e+02 9.753404259681701660e-01
4.880000000000000000e+02 9.941201806068420410e-01
4.890000000000000000e+02 9.918282032012939453e-01
4.900000000000000000e+02 9.808515310287475586e-01
4.910000000000000000e+02 9.939515590667724609e-01
4.920000000000000000e+02 9.915984272956848145e-01
4.930000000000000000e+02 9.936064481735229492e-01
4.940000000000000000e+02 9.926020503044128418e-01
4.950000000000000000e+02 9.928718209266662598e-01
4.960000000000000000e+02 9.918680191040039062e-01
4.970000000000000000e+02 9.416064620018005371e-01
4.980000000000000000e+02 9.612062573432922363e-01
4.990000000000000000e+02 9.732082486152648926e-01
5.000000000000000000e+02 9.961288571357727051e-01
5.010000000000000000e+02 9.945656061172485352e-01
5.020000000000000000e+02 9.965125322341918945e-01
5.030000000000000000e+02 9.960635304450988770e-01
5.040000000000000000e+02 9.934886097908020020e-01
5.050000000000000000e+02 9.972385764122009277e-01
5.060000000000000000e+02 9.943214058876037598e-01
5.070000000000000000e+02 9.973274469375610352e-01
5.080000000000000000e+02 9.963247179985046387e-01
5.090000000000000000e+02 9.961576461791992188e-01
5.100000000000000000e+02 9.969088435173034668e-01
5.110000000000000000e+02 9.975062012672424316e-01
5.120000000000000000e+02 9.974869489669799805e-01
5.130000000000000000e+02 9.973352551460266113e-01
5.140000000000000000e+02 9.972710013389587402e-01
5.150000000000000000e+02 9.973155856132507324e-01
5.160000000000000000e+02 9.975801706314086914e-01
5.170000000000000000e+02 9.976297616958618164e-01
5.180000000000000000e+02 9.973794221878051758e-01
5.190000000000000000e+02 9.972460865974426270e-01
5.200000000000000000e+02 9.978596568107604980e-01
5.210000000000000000e+02 9.974902272224426270e-01
5.220000000000000000e+02 9.979068636894226074e-01
5.230000000000000000e+02 9.976392388343811035e-01
5.240000000000000000e+02 9.971916675567626953e-01
5.250000000000000000e+02 9.974004626274108887e-01
5.260000000000000000e+02 9.968026876449584961e-01
5.270000000000000000e+02 9.951616525650024414e-01
5.280000000000000000e+02 9.752007126808166504e-01
5.290000000000000000e+02 9.828559160232543945e-01
5.300000000000000000e+02 9.941864013671875000e-01
5.310000000000000000e+02 9.960921406745910645e-01
5.320000000000000000e+02 9.966902732849121094e-01
5.330000000000000000e+02 9.964091777801513672e-01
5.340000000000000000e+02 9.970761537551879883e-01
5.350000000000000000e+02 9.969080090522766113e-01
5.360000000000000000e+02 9.978557229042053223e-01
5.370000000000000000e+02 9.970989823341369629e-01
5.380000000000000000e+02 9.974525570869445801e-01
5.390000000000000000e+02 9.980705380439758301e-01
5.400000000000000000e+02 9.970235824584960938e-01
5.410000000000000000e+02 9.977139830589294434e-01
5.420000000000000000e+02 9.975769519805908203e-01
5.430000000000000000e+02 9.975662827491760254e-01
5.440000000000000000e+02 9.974782466888427734e-01
5.450000000000000000e+02 9.976958036422729492e-01
5.460000000000000000e+02 9.969980716705322266e-01
5.470000000000000000e+02 9.970043301582336426e-01
5.480000000000000000e+02 9.975302815437316895e-01
5.490000000000000000e+02 9.979119896888732910e-01
5.500000000000000000e+02 9.968680143356323242e-01
5.510000000000000000e+02 9.970766901969909668e-01
5.520000000000000000e+02 9.974982142448425293e-01
5.530000000000000000e+02 9.975842833518981934e-01
5.540000000000000000e+02 9.967211484909057617e-01
5.550000000000000000e+02 9.968523383140563965e-01
5.560000000000000000e+02 9.972790479660034180e-01
5.570000000000000000e+02 9.964548945426940918e-01
5.580000000000000000e+02 9.958191514015197754e-01
5.590000000000000000e+02 9.938260316848754883e-01
5.600000000000000000e+02 9.946649074554443359e-01
5.610000000000000000e+02 9.956458210945129395e-01
5.620000000000000000e+02 9.950360655784606934e-01
5.630000000000000000e+02 9.963576197624206543e-01
5.640000000000000000e+02 9.936951398849487305e-01
5.650000000000000000e+02 9.939105510711669922e-01
5.660000000000000000e+02 9.962391853332519531e-01
5.670000000000000000e+02 9.963690042495727539e-01
5.680000000000000000e+02 9.954237937927246094e-01
5.690000000000000000e+02 9.957182407379150391e-01
5.700000000000000000e+02 9.966039061546325684e-01
5.710000000000000000e+02 9.968140721321105957e-01
5.720000000000000000e+02 9.972687363624572754e-01
5.730000000000000000e+02 9.976026415824890137e-01
5.740000000000000000e+02 9.974198937416076660e-01
5.750000000000000000e+02 9.964652657508850098e-01
5.760000000000000000e+02 9.973503351211547852e-01
5.770000000000000000e+02 9.969126582145690918e-01
5.780000000000000000e+02 9.965962171554565430e-01
5.790000000000000000e+02 9.969696998596191406e-01
5.800000000000000000e+02 9.969908595085144043e-01
5.810000000000000000e+02 9.973521232604980469e-01
5.820000000000000000e+02 9.970539212226867676e-01
5.830000000000000000e+02 9.970453977584838867e-01
5.840000000000000000e+02 9.970974326133728027e-01
5.850000000000000000e+02 9.973560571670532227e-01
5.860000000000000000e+02 9.970970153808593750e-01
5.870000000000000000e+02 9.965530037879943848e-01
5.880000000000000000e+02 9.965741038322448730e-01
5.890000000000000000e+02 9.957700967788696289e-01
5.900000000000000000e+02 9.863044619560241699e-01
5.910000000000000000e+02 9.928409457206726074e-01
5.920000000000000000e+02 9.946143627166748047e-01
5.930000000000000000e+02 9.960037469863891602e-01
5.940000000000000000e+02 9.952750802040100098e-01
5.950000000000000000e+02 9.956338405609130859e-01
5.960000000000000000e+02 9.949245452880859375e-01
5.970000000000000000e+02 9.954755902290344238e-01
5.980000000000000000e+02 9.956881403923034668e-01
5.990000000000000000e+02 9.955239295959472656e-01
6.000000000000000000e+02 9.960502386093139648e-01
6.010000000000000000e+02 9.959629178047180176e-01
6.020000000000000000e+02 9.941353201866149902e-01
6.030000000000000000e+02 9.943280816078186035e-01
6.040000000000000000e+02 9.955208897590637207e-01
6.050000000000000000e+02 9.955918788909912109e-01
6.060000000000000000e+02 9.940520524978637695e-01
6.070000000000000000e+02 9.957424998283386230e-01
6.080000000000000000e+02 9.956615567207336426e-01
6.090000000000000000e+02 9.958646893501281738e-01
6.100000000000000000e+02 9.961721301078796387e-01
6.110000000000000000e+02 9.941973090171813965e-01
6.120000000000000000e+02 9.957708120346069336e-01
6.130000000000000000e+02 9.961602687835693359e-01
6.140000000000000000e+02 9.955287575721740723e-01
6.150000000000000000e+02 9.962829351425170898e-01
6.160000000000000000e+02 9.955655932426452637e-01
6.170000000000000000e+02 9.961040019989013672e-01
6.180000000000000000e+02 9.955223202705383301e-01
6.190000000000000000e+02 9.954640865325927734e-01
6.200000000000000000e+02 9.940990209579467773e-01
6.210000000000000000e+02 9.839691519737243652e-01
6.220000000000000000e+02 9.921756386756896973e-01
6.230000000000000000e+02 9.774242639541625977e-01
6.240000000000000000e+02 9.753178358078002930e-01
6.250000000000000000e+02 9.953282475471496582e-01
6.260000000000000000e+02 9.910199046134948730e-01
6.270000000000000000e+02 9.901511669158935547e-01
6.280000000000000000e+02 9.944837093353271484e-01
6.290000000000000000e+02 9.944826364517211914e-01
6.300000000000000000e+02 9.931152462959289551e-01
6.310000000000000000e+02 9.928891062736511230e-01
6.320000000000000000e+02 9.965861439704895020e-01
6.330000000000000000e+02 9.946817755699157715e-01
6.340000000000000000e+02 9.968953132629394531e-01
6.350000000000000000e+02 9.955324530601501465e-01
6.360000000000000000e+02 9.943888783454895020e-01
6.370000000000000000e+02 9.964258074760437012e-01
6.380000000000000000e+02 9.967277646064758301e-01
6.390000000000000000e+02 9.967415928840637207e-01
6.400000000000000000e+02 9.963304996490478516e-01
6.410000000000000000e+02 9.967344999313354492e-01
6.420000000000000000e+02 9.946153163909912109e-01
6.430000000000000000e+02 9.966064691543579102e-01
6.440000000000000000e+02 9.964403510093688965e-01
6.450000000000000000e+02 9.955538511276245117e-01
6.460000000000000000e+02 9.965179562568664551e-01
6.470000000000000000e+02 9.971615672111511230e-01
6.480000000000000000e+02 9.953556656837463379e-01
6.490000000000000000e+02 9.961935281753540039e-01
6.500000000000000000e+02 9.958485364913940430e-01
6.510000000000000000e+02 9.923847913742065430e-01
6.520000000000000000e+02 9.827012419700622559e-01
6.530000000000000000e+02 9.844563007354736328e-01
6.540000000000000000e+02 9.872685074806213379e-01
6.550000000000000000e+02 9.853323698043823242e-01
6.560000000000000000e+02 9.752711653709411621e-01
6.570000000000000000e+02 9.888137578964233398e-01
6.580000000000000000e+02 9.834176301956176758e-01
6.590000000000000000e+02 9.904885292053222656e-01
6.600000000000000000e+02 9.942087531089782715e-01
6.610000000000000000e+02 9.962161779403686523e-01
6.620000000000000000e+02 9.960396885871887207e-01
6.630000000000000000e+02 9.957443475723266602e-01
6.640000000000000000e+02 9.954764842987060547e-01
6.650000000000000000e+02 9.961815476417541504e-01
6.660000000000000000e+02 9.959021210670471191e-01
6.670000000000000000e+02 9.963840246200561523e-01
6.680000000000000000e+02 9.955115914344787598e-01
6.690000000000000000e+02 9.968777298927307129e-01
6.700000000000000000e+02 9.966183304786682129e-01
6.710000000000000000e+02 9.970865249633789062e-01
6.720000000000000000e+02 9.972063302993774414e-01
6.730000000000000000e+02 9.972873330116271973e-01
6.740000000000000000e+02 9.972188472747802734e-01
6.750000000000000000e+02 9.973326921463012695e-01
6.760000000000000000e+02 9.975919723510742188e-01
6.770000000000000000e+02 9.968894124031066895e-01
6.780000000000000000e+02 9.965356588363647461e-01
6.790000000000000000e+02 9.969813227653503418e-01
6.800000000000000000e+02 9.973445534706115723e-01
6.810000000000000000e+02 9.969124197959899902e-01
6.820000000000000000e+02 9.968417286872863770e-01
6.830000000000000000e+02 9.846954345703125000e-01
6.840000000000000000e+02 9.947630763053894043e-01
6.850000000000000000e+02 9.942209720611572266e-01
6.860000000000000000e+02 9.952658414840698242e-01
6.870000000000000000e+02 9.963187575340270996e-01
6.880000000000000000e+02 9.933671951293945312e-01
6.890000000000000000e+02 9.949108958244323730e-01
6.900000000000000000e+02 9.957400560379028320e-01
6.910000000000000000e+02 9.944846630096435547e-01
6.920000000000000000e+02 9.958699345588684082e-01
6.930000000000000000e+02 9.956541061401367188e-01
6.940000000000000000e+02 9.954701662063598633e-01
6.950000000000000000e+02 9.955487847328186035e-01
6.960000000000000000e+02 9.932346940040588379e-01
6.970000000000000000e+02 9.954932332038879395e-01
6.980000000000000000e+02 9.956876039505004883e-01
6.990000000000000000e+02 9.964962601661682129e-01
7.000000000000000000e+02 9.956651329994201660e-01
7.010000000000000000e+02 9.964395165443420410e-01
7.020000000000000000e+02 9.969151616096496582e-01
7.030000000000000000e+02 9.972148537635803223e-01
7.040000000000000000e+02 9.964233040809631348e-01
7.050000000000000000e+02 9.968063235282897949e-01
7.060000000000000000e+02 9.965023994445800781e-01
7.070000000000000000e+02 9.971038699150085449e-01
7.080000000000000000e+02 9.968920946121215820e-01
7.090000000000000000e+02 9.965317845344543457e-01
7.100000000000000000e+02 9.970380663871765137e-01
7.110000000000000000e+02 9.957262277603149414e-01
7.120000000000000000e+02 9.956084489822387695e-01
7.130000000000000000e+02 9.968482851982116699e-01
7.140000000000000000e+02 9.798550605773925781e-01
7.150000000000000000e+02 9.846581816673278809e-01
7.160000000000000000e+02 9.873480200767517090e-01
7.170000000000000000e+02 9.853045344352722168e-01
7.180000000000000000e+02 9.890212416648864746e-01
7.190000000000000000e+02 9.901254773139953613e-01
7.200000000000000000e+02 9.873464107513427734e-01
7.210000000000000000e+02 9.917506575584411621e-01
7.220000000000000000e+02 9.907029867172241211e-01
7.230000000000000000e+02 9.900488257408142090e-01
7.240000000000000000e+02 9.857841134071350098e-01
7.250000000000000000e+02 9.863729476928710938e-01
7.260000000000000000e+02 9.867472052574157715e-01
7.270000000000000000e+02 9.915160536766052246e-01
7.280000000000000000e+02 9.938237667083740234e-01
7.290000000000000000e+02 9.947221875190734863e-01
7.300000000000000000e+02 9.952545762062072754e-01
7.310000000000000000e+02 9.940115213394165039e-01
7.320000000000000000e+02 9.954819679260253906e-01
7.330000000000000000e+02 9.958505630493164062e-01
7.340000000000000000e+02 9.954637885093688965e-01
7.350000000000000000e+02 9.952656030654907227e-01
7.360000000000000000e+02 9.955683946609497070e-01
7.370000000000000000e+02 9.964487552642822266e-01
7.380000000000000000e+02 9.959564805030822754e-01
7.390000000000000000e+02 9.966185688972473145e-01
7.400000000000000000e+02 9.953230023384094238e-01
7.410000000000000000e+02 9.953887462615966797e-01
7.420000000000000000e+02 9.950754642486572266e-01
7.430000000000000000e+02 9.965577125549316406e-01
7.440000000000000000e+02 9.963221549987792969e-01
7.450000000000000000e+02 9.881191253662109375e-01
7.460000000000000000e+02 9.934436082839965820e-01
7.470000000000000000e+02 9.955235123634338379e-01
7.480000000000000000e+02 9.942497014999389648e-01
7.490000000000000000e+02 9.963340163230895996e-01
7.500000000000000000e+02 9.963242411613464355e-01
7.510000000000000000e+02 9.958775043487548828e-01
7.520000000000000000e+02 9.973156452178955078e-01
7.530000000000000000e+02 9.960517287254333496e-01
7.540000000000000000e+02 9.958717823028564453e-01
7.550000000000000000e+02 9.966732263565063477e-01
7.560000000000000000e+02 9.966222047805786133e-01
7.570000000000000000e+02 9.962375164031982422e-01
7.580000000000000000e+02 9.964087009429931641e-01
7.590000000000000000e+02 9.968760609626770020e-01
7.600000000000000000e+02 9.968657493591308594e-01
7.610000000000000000e+02 9.972613453865051270e-01
7.620000000000000000e+02 9.972566962242126465e-01
7.630000000000000000e+02 9.971058368682861328e-01
7.640000000000000000e+02 9.965977072715759277e-01
7.650000000000000000e+02 9.976472854614257812e-01
7.660000000000000000e+02 9.972691535949707031e-01
7.670000000000000000e+02 9.972860813140869141e-01
7.680000000000000000e+02 9.972034096717834473e-01
7.690000000000000000e+02 9.975624680519104004e-01
7.700000000000000000e+02 9.972845911979675293e-01
7.710000000000000000e+02 9.971147179603576660e-01
7.720000000000000000e+02 9.971732497215270996e-01
7.730000000000000000e+02 9.975575208663940430e-01
7.740000000000000000e+02 9.965198040008544922e-01
7.750000000000000000e+02 9.962773919105529785e-01
7.760000000000000000e+02 9.797999858856201172e-01
7.770000000000000000e+02 9.885872006416320801e-01
7.780000000000000000e+02 9.835980534553527832e-01
7.790000000000000000e+02 9.878749847412109375e-01
7.800000000000000000e+02 9.942535758018493652e-01
7.810000000000000000e+02 9.961560964584350586e-01
7.820000000000000000e+02 9.961373805999755859e-01
7.830000000000000000e+02 9.963704347610473633e-01
7.840000000000000000e+02 9.958741664886474609e-01
7.850000000000000000e+02 9.963372349739074707e-01
7.860000000000000000e+02 9.960646033287048340e-01
7.870000000000000000e+02 9.969696402549743652e-01
7.880000000000000000e+02 9.968076944351196289e-01
7.890000000000000000e+02 9.969519376754760742e-01
7.900000000000000000e+02 9.968288540840148926e-01
7.910000000000000000e+02 9.969569444656372070e-01
7.920000000000000000e+02 9.972512125968933105e-01
7.930000000000000000e+02 9.965192079544067383e-01
7.940000000000000000e+02 9.969076514244079590e-01
7.950000000000000000e+02 9.967784881591796875e-01
7.960000000000000000e+02 9.967415332794189453e-01
7.970000000000000000e+02 9.961773157119750977e-01
7.980000000000000000e+02 9.963012337684631348e-01
7.990000000000000000e+02 9.964279532432556152e-01
8.000000000000000000e+02 9.970300793647766113e-01
8.010000000000000000e+02 9.965989589691162109e-01
8.020000000000000000e+02 9.970299005508422852e-01
8.030000000000000000e+02 9.961191415786743164e-01
8.040000000000000000e+02 9.960492253303527832e-01
8.050000000000000000e+02 9.964965581893920898e-01
8.060000000000000000e+02 9.958929419517517090e-01
8.070000000000000000e+02 9.944117069244384766e-01
8.080000000000000000e+02 9.965483546257019043e-01
8.090000000000000000e+02 9.957965612411499023e-01
8.100000000000000000e+02 9.965143203735351562e-01
8.110000000000000000e+02 9.976477026939392090e-01
8.120000000000000000e+02 9.970315694808959961e-01
8.130000000000000000e+02 9.962416291236877441e-01
8.140000000000000000e+02 9.953380823135375977e-01
8.150000000000000000e+02 9.966547489166259766e-01
8.160000000000000000e+02 9.960032105445861816e-01
8.170000000000000000e+02 9.960285425186157227e-01
8.180000000000000000e+02 9.964977502822875977e-01
8.190000000000000000e+02 9.964173436164855957e-01
8.200000000000000000e+02 9.966613054275512695e-01
8.210000000000000000e+02 9.969877600669860840e-01
8.220000000000000000e+02 9.967464804649353027e-01
8.230000000000000000e+02 9.955285787582397461e-01
8.240000000000000000e+02 9.976695179939270020e-01
8.250000000000000000e+02 9.971502423286437988e-01
8.260000000000000000e+02 9.967685937881469727e-01
8.270000000000000000e+02 9.971404671669006348e-01
8.280000000000000000e+02 9.969885945320129395e-01
8.290000000000000000e+02 9.969968795776367188e-01
8.300000000000000000e+02 9.974814653396606445e-01
8.310000000000000000e+02 9.975522160530090332e-01
8.320000000000000000e+02 9.975266456604003906e-01
8.330000000000000000e+02 9.976286292076110840e-01
8.340000000000000000e+02 9.972658157348632812e-01
8.350000000000000000e+02 9.972496628761291504e-01
8.360000000000000000e+02 9.972690939903259277e-01
8.370000000000000000e+02 9.970785379409790039e-01
8.380000000000000000e+02 9.630417823791503906e-01
8.390000000000000000e+02 9.873136878013610840e-01
8.400000000000000000e+02 9.857879877090454102e-01
8.410000000000000000e+02 9.567649364471435547e-01
8.420000000000000000e+02 9.455494880676269531e-01
8.430000000000000000e+02 9.485456347465515137e-01
8.440000000000000000e+02 9.712119102478027344e-01
8.450000000000000000e+02 9.846528768539428711e-01
8.460000000000000000e+02 9.788893461227416992e-01
8.470000000000000000e+02 9.818657636642456055e-01
8.480000000000000000e+02 9.865254759788513184e-01
8.490000000000000000e+02 9.861421585083007812e-01
8.500000000000000000e+02 9.927418231964111328e-01
8.510000000000000000e+02 9.963786005973815918e-01
8.520000000000000000e+02 9.969497323036193848e-01
8.530000000000000000e+02 9.974495768547058105e-01
8.540000000000000000e+02 9.976650476455688477e-01
8.550000000000000000e+02 9.967614412307739258e-01
8.560000000000000000e+02 9.974316358566284180e-01
8.570000000000000000e+02 9.977834820747375488e-01
8.580000000000000000e+02 9.976817369461059570e-01
8.590000000000000000e+02 9.978433251380920410e-01
8.600000000000000000e+02 9.975941777229309082e-01
8.610000000000000000e+02 9.975716471672058105e-01
8.620000000000000000e+02 9.977021217346191406e-01
8.630000000000000000e+02 9.974907636642456055e-01
8.640000000000000000e+02 9.970179200172424316e-01
8.650000000000000000e+02 9.977074265480041504e-01
8.660000000000000000e+02 9.978043437004089355e-01
8.670000000000000000e+02 9.974430203437805176e-01
8.680000000000000000e+02 9.976267218589782715e-01
8.690000000000000000e+02 9.880596399307250977e-01
8.700000000000000000e+02 9.936353564262390137e-01
8.710000000000000000e+02 9.956201314926147461e-01
8.720000000000000000e+02 9.958683252334594727e-01
8.730000000000000000e+02 9.965903759002685547e-01
8.740000000000000000e+02 9.967566132545471191e-01
8.750000000000000000e+02 9.971871376037597656e-01
8.760000000000000000e+02 9.969575405120849609e-01
8.770000000000000000e+02 9.962458610534667969e-01
8.780000000000000000e+02 9.959394931793212891e-01
8.790000000000000000e+02 9.966154098510742188e-01
8.800000000000000000e+02 9.966502189636230469e-01
8.810000000000000000e+02 9.963586926460266113e-01
8.820000000000000000e+02 9.966267347335815430e-01
8.830000000000000000e+02 9.963052868843078613e-01
8.840000000000000000e+02 9.974301457405090332e-01
8.850000000000000000e+02 9.970727562904357910e-01
8.860000000000000000e+02 9.971587657928466797e-01
8.870000000000000000e+02 9.964359998703002930e-01
8.880000000000000000e+02 9.962995648384094238e-01
8.890000000000000000e+02 9.973286390304565430e-01
8.900000000000000000e+02 9.969900846481323242e-01
8.910000000000000000e+02 9.968510866165161133e-01
8.920000000000000000e+02 9.971066117286682129e-01
8.930000000000000000e+02 9.974808096885681152e-01
8.940000000000000000e+02 9.973169565200805664e-01
8.950000000000000000e+02 9.970952868461608887e-01
8.960000000000000000e+02 9.973863363265991211e-01
8.970000000000000000e+02 9.965649247169494629e-01
8.980000000000000000e+02 9.973919987678527832e-01
8.990000000000000000e+02 9.959197044372558594e-01
9.000000000000000000e+02 9.811531901359558105e-01
9.010000000000000000e+02 9.877733588218688965e-01
9.020000000000000000e+02 9.913728833198547363e-01
9.030000000000000000e+02 9.928293228149414062e-01
9.040000000000000000e+02 9.926077723503112793e-01
9.050000000000000000e+02 9.933768510818481445e-01
9.060000000000000000e+02 9.936033487319946289e-01
9.070000000000000000e+02 9.921264052391052246e-01
9.080000000000000000e+02 9.934286475181579590e-01
9.090000000000000000e+02 9.945293664932250977e-01
9.100000000000000000e+02 9.941926002502441406e-01
9.110000000000000000e+02 9.955074787139892578e-01
9.120000000000000000e+02 9.939090013504028320e-01
9.130000000000000000e+02 9.926789999008178711e-01
9.140000000000000000e+02 9.938676357269287109e-01
9.150000000000000000e+02 9.936320185661315918e-01
9.160000000000000000e+02 9.954095482826232910e-01
9.170000000000000000e+02 9.959131479263305664e-01
9.180000000000000000e+02 9.965311884880065918e-01
9.190000000000000000e+02 9.961121082305908203e-01
9.200000000000000000e+02 9.962291121482849121e-01
9.210000000000000000e+02 9.972793459892272949e-01
9.220000000000000000e+02 9.970245361328125000e-01
9.230000000000000000e+02 9.969801902770996094e-01
9.240000000000000000e+02 9.962667226791381836e-01
9.250000000000000000e+02 9.968934655189514160e-01
9.260000000000000000e+02 9.963572621345520020e-01
9.270000000000000000e+02 9.969691038131713867e-01
9.280000000000000000e+02 9.970510005950927734e-01
9.290000000000000000e+02 9.971230030059814453e-01
9.300000000000000000e+02 9.949628710746765137e-01
9.310000000000000000e+02 9.858042597770690918e-01
9.320000000000000000e+02 9.808415770530700684e-01
9.330000000000000000e+02 9.756963849067687988e-01
9.340000000000000000e+02 9.931171536445617676e-01
9.350000000000000000e+02 9.931197166442871094e-01
9.360000000000000000e+02 9.950062632560729980e-01
9.370000000000000000e+02 9.956519603729248047e-01
9.380000000000000000e+02 9.946590065956115723e-01
9.390000000000000000e+02 9.954051971435546875e-01
9.400000000000000000e+02 9.931178689002990723e-01
9.410000000000000000e+02 9.946923851966857910e-01
9.420000000000000000e+02 9.963685274124145508e-01
9.430000000000000000e+02 9.963920116424560547e-01
9.440000000000000000e+02 9.970904588699340820e-01
9.450000000000000000e+02 9.968143701553344727e-01
9.460000000000000000e+02 9.969062805175781250e-01
9.470000000000000000e+02 9.969604611396789551e-01
9.480000000000000000e+02 9.975656270980834961e-01
9.490000000000000000e+02 9.974457025527954102e-01
9.500000000000000000e+02 9.974410533905029297e-01
9.510000000000000000e+02 9.969766736030578613e-01
9.520000000000000000e+02 9.972634315490722656e-01
9.530000000000000000e+02 9.968557953834533691e-01
9.540000000000000000e+02 9.960433840751647949e-01
9.550000000000000000e+02 9.965292215347290039e-01
9.560000000000000000e+02 9.975435733795166016e-01
9.570000000000000000e+02 9.968805313110351562e-01
9.580000000000000000e+02 9.963114857673645020e-01
9.590000000000000000e+02 9.965371489524841309e-01
9.600000000000000000e+02 9.959026575088500977e-01
9.610000000000000000e+02 9.950879216194152832e-01
